9.668e-01 7.673e-03 2.558e-02 0.000e+00 0.000e+00 0.000e+00 0.000e+00 0.000e+00 0.000e+00 0.000e+00 0.000e+00 0.000e+00 0.000e+00 0.000e+00 0.000e+00 0.000e+00 0.000e+00 0.000e+00 0.000e+00 0.000e+00
6.000e-01 4.000e-01 0.000e+00 0.000e+00 0.000e+00 0.000e+00 0.000e+00 0.000e+00 0.000e+00 0.000e+00 0.000e+00 0.000e+00 0.000e+00 0.000e+00 0.000e+00 0.000e+00 0.000e+00 0.000e+00 0.000e+00 0.000e+00
4.000e-01 0.000e+00 6.000e-01 0.000e+00 0.000e+00 0.000e+00 0.000e+00 0.000e+00 0.000e+00 0.000e+00 0.000e+00 0.000e+00 0.000e+00 0.000e+00 0.000e+00 0.000e+00 0.000e+00 0.000e+00 0.000e+00 0.000e+00
1.000e+00 0.000e+00 0.000e+00 0.000e+00 0.000e+00 0.000e+00 0.000e+00 0.000e+00 0.000e+00 0.000e+00 0.000e+00 0.000e+00 0.000e+00 0.000e+00 0.000e+00 0.000e+00 0.000e+00 0.000e+00 0.000e+00 0.000e+00
1.000e+00 0.000e+00 0.000e+00 0.000e+00 0.000e+00 0.000e+00 0.000e+00 0.000e+00 0.000e+00 0.000e+00 0.000e+00 0.000e+00 0.000e+00 0.000e+00 0.000e+00 0.000e+00 0.000e+00 0.000e+00 0.000e+00 0.000e+00
0.000e+00 1.000e+00 0.000e+00 0.000e+00 0.000e+00 0.000e+00 0.000e+00 0.000e+00 0.000e+00 0.000e+00 0.000e+00 0.000e+00 0.000e+00 0.000e+00 0.000e+00 0.000e+00 0.000e+00 0.000e+00 0.000e+00 0.000e+00
1.000e+00 0.000e+00 0.000e+00 0.000e+00 0.000e+00 0.000e+00 0.000e+00 0.000e+00 0.000e+00 0.000e+00 0.000e+00 0.000e+00 0.000e+00 0.000e+00 0.000e+00 0.000e+00 0.000e+00 0.000e+00 0.000e+00 0.000e+00
6.667e-02 6.667e-02 6.667e-02 6.667e-02 6.667e-02 6.667e-02 6.667e-02 6.667e-02 6.667e-02 6.667e-02 6.667e-02 6.667e-02 6.667e-02 6.667e-02 6.667e-02 6.667e-02 6.667e-02 6.667e-02 6.667e-02 6.667e-02
6.667e-02 6.667e-02 6.667e-02 6.667e-02 6.667e-02 6.667e-02 6.667e-02 6.667e-02 6.667e-02 6.667e-02 6.667e-02 6.667e-02 6.667e-02 6.667e-02 6.667e-02 6.667e-02 6.667e-02 6.667e-02 6.667e-02 6.667e-02
6.667e-02 6.667e-02 6.667e-02 6.667e-02 6.667e-02 6.667e-02 6.667e-02 6.667e-02 6.667e-02 6.667e-02 6.667e-02 6.667e-02 6.667e-02 6.667e-02 6.667e-02 6.667e-02 6.667e-02 6.667e-02 6.667e-02 6.667e-02
6.667e-02 6.667e-02 6.667e-02 6.667e-02 6.667e-02 6.667e-02 6.667e-02 6.667e-02 6.667e-02 6.667e-02 6.667e-02 6.667e-02 6.667e-02 6.667e-02 6.667e-02 6.667e-02 6.667e-02 6.667e-02 6.667e-02 6.667e-02
6.667e-02 6.667e-02 6.667e-02 6.667e-02 6.667e-02 6.667e-02 6.667e-02 6.667e-02 6.667e-02 6.667e-02 6.667e-02 6.667e-02 6.667e-02 6.667e-02 6.667e-02 6.667e-02 6.667e-02 6.667e-02 6.667e-02 6.667e-02
6.667e-02 6.667e-02 6.667e-02 6.667e-02 6.667e-02 6.667e-02 6.667e-02 6.667e-02 6.667e-02 6.667e-02 6.667e-02 6.667e-02 6.667e-02 6.667e-02 6.667e-02 6.667e-02 6.667e-02 6.667e-02 6.667e-02 6.667e-02
6.667e-02 6.667e-02 6.667e-02 6.667e-02 6.667e-02 6.667e-02 6.667e-02 6.667e-02 6.667e-02 6.667e-02 6.667e-02 6.667e-02 6.667e-02 6.667e-02 6.667e-02 6.667e-02 6.667e-02 6.667e-02 6.667e-02 6.667e-02
6.667e-02 6.667e-02 6.667e-02 6.667e-02 6.667e-02 6.667e-02 6.667e-02 6.667e-02 6.667e-02 6.667e-02 6.667e-02 6.667e-02 6.667e-02 6.667e-02 6.667e-02 6.667e-02 6.667e-02 6.667e-02 6.667e-02 6.667e-02
0.000e+00 0.000e+00 0.000e+00 0.000e+00 0.000e+00 0.000e+00 0.000e+00 0.000e+00 0.000e+00 0.000e+00 0.000e+00 0.000e+00 0.000e+00 0.000e+00 0.000e+00 1.000e+00 0.000e+00 0.000e+00 0.000e+00 0.000e+00
0.000e+00 0.000e+00 0.000e+00 0.000e+00 0.000e+00 0.000e+00 0.000e+00 0.000e+00 0.000e+00 0.000e+00 0.000e+00 0.000e+00 0.000e+00 0.000e+00 0.000e+00 0.000e+00 1.000e+00 0.000e+00 0.000e+00 0.000e+00
0.000e+00 0.000e+00 0.000e+00 0.000e+00 0.000e+00 0.000e+00 0.000e+00 0.000e+00 0.000e+00 0.000e+00 0.000e+00 0.000e+00 0.000e+00 0.000e+00 0.000e+00 0.000e+00 0.000e+00 1.000e+00 0.000e+00 0.000e+00
0.000e+00 0.000e+00 0.000e+00 0.000e+00 0.000e+00 0.000e+00 0.000e+00 0.000e+00 0.000e+00 0.000e+00 0.000e+00 0.000e+00 0.000e+00 0.000e+00 0.000e+00 0.000e+00 0.000e+00 0.000e+00 1.000e+00 0.000e+00
0.000e+00 0.000e+00 0.000e+00 0.000e+00 0.000e+00 0.000e+00 0.000e+00 0.000e+00 0.000e+00 0.000e+00 0.000e+00 0.000e+00 0.000e+00 0.000e+00 0.000e+00 0.000e+00 0.000e+00 0.000e+00 0.000e+00 1.000e+00

9.690e-01 7.752e-03 2.326e-02 0.000e+00 0.000e+00 0.000e+00 0.000e+00 0.000e+00 0.000e+00 0.000e+00 0.000e+00 0.000e+00 0.000e+00 0.000e+00 0.000e+00 0.000e+00 0.000e+00 0.000e+00 0.000e+00 0.000e+00
6.667e-01 1.667e-01 0.000e+00 1.667e-01 0.000e+00 0.000e+00 0.000e+00 0.000e+00 0.000e+00 0.000e+00 0.000e+00 0.000e+00 0.000e+00 0.000e+00 0.000e+00 0.000e+00 0.000e+00 0.000e+00 0.000e+00 0.000e+00
8.462e-01 0.000e+00 1.538e-01 0.000e+00 0.000e+00 0.000e+00 0.000e+00 0.000e+00 0.000e+00 0.000e+00 0.000e+00 0.000e+00 0.000e+00 0.000e+00 0.000e+00 0.000e+00 0.000e+00 0.000e+00 0.000e+00 0.000e+00
6.667e-02 6.667e-02 6.667e-02 6.667e-02 6.667e-02 6.667e-02 6.667e-02 6.667e-02 6.667e-02 6.667e-02 6.667e-02 6.667e-02 6.667e-02 6.667e-02 6.667e-02 6.667e-02 6.667e-02 6.667e-02 6.667e-02 6.667e-02
6.667e-02 6.667e-02 6.667e-02 6.667e-02 6.667e-02 6.667e-02 6.667e-02 6.667e-02 6.667e-02 6.667e-02 6.667e-02 6.667e-02 6.667e-02 6.667e-02 6.667e-02 6.667e-02 6.667e-02 6.667e-02 6.667e-02 6.667e-02
6.667e-02 6.667e-02 6.667e-02 6.667e-02 6.667e-02 6.667e-02 6.667e-02 6.667e-02 6.667e-02 6.667e-02 6.667e-02 6.667e-02 6.667e-02 6.667e-02 6.667e-02 6.667e-02 6.667e-02 6.667e-02 6.667e-02 6.667e-02
6.667e-02 6.667e-02 6.667e-02 6.667e-02 6.667e-02 6.667e-02 6.667e-02 6.667e-02 6.667e-02 6.667e-02 6.667e-02 6.667e-02 6.667e-02 6.667e-02 6.667e-02 6.667e-02 6.667e-02 6.667e-02 6.667e-02 6.667e-02
6.667e-02 6.667e-02 6.667e-02 6.667e-02 6.667e-02 6.667e-02 6.667e-02 6.667e-02 6.667e-02 6.667e-02 6.667e-02 6.667e-02 6.667e-02 6.667e-02 6.667e-02 6.667e-02 6.667e-02 6.667e-02 6.667e-02 6.667e-02
6.667e-02 6.667e-02 6.667e-02 6.667e-02 6.667e-02 6.667e-02 6.667e-02 6.667e-02 6.667e-02 6.667e-02 6.667e-02 6.667e-02 6.667e-02 6.667e-02 6.667e-02 6.667e-02 6.667e-02 6.667e-02 6.667e-02 6.667e-02
6.667e-02 6.667e-02 6.667e-02 6.667e-02 6.667e-02 6.667e-02 6.667e-02 6.667e-02 6.667e-02 6.667e-02 6.667e-02 6.667e-02 6.667e-02 6.667e-02 6.667e-02 6.667e-02 6.667e-02 6.667e-02 6.667e-02 6.667e-02
6.667e-02 6.667e-02 6.667e-02 6.667e-02 6.667e-02 6.667e-02 6.667e-02 6.667e-02 6.667e-02 6.667e-02 6.667e-02 6.667e-02 6.667e-02 6.667e-02 6.667e-02 6.667e-02 6.667e-02 6.667e-02 6.667e-02 6.667e-02
6.667e-02 6.667e-02 6.667e-02 6.667e-02 6.667e-02 6.667e-02 6.667e-02 6.667e-02 6.667e-02 6.667e-02 6.667e-02 6.667e-02 6.667e-02 6.667e-02 6.667e-02 6.667e-02 6.667e-02 6.667e-02 6.667e-02 6.667e-02
6.667e-02 6.667e-02 6.667e-02 6.667e-02 6.667e-02 6.667e-02 6.667e-02 6.667e-02 6.667e-02 6.667e-02 6.667e-02 6.667e-02 6.667e-02 6.667e-02 6.667e-02 6.667e-02 6.667e-02 6.667e-02 6.667e-02 6.667e-02
6.667e-02 6.667e-02 6.667e-02 6.667e-02 6.667e-02 6.667e-02 6.667e-02 6.667e-02 6.667e-02 6.667e-02 6.667e-02 6.667e-02 6.667e-02 6.667e-02 6.667e-02 6.667e-02 6.667e-02 6.667e-02 6.667e-02 6.667e-02
6.667e-02 6.667e-02 6.667e-02 6.667e-02 6.667e-02 6.667e-02 6.667e-02 6.667e-02 6.667e-02 6.667e-02 6.667e-02 6.667e-02 6.667e-02 6.667e-02 6.667e-02 6.667e-02 6.667e-02 6.667e-02 6.667e-02 6.667e-02
0.000e+00 0.000e+00 0.000e+00 0.000e+00 0.000e+00 0.000e+00 0.000e+00 0.000e+00 0.000e+00 0.000e+00 0.000e+00 0.000e+00 0.000e+00 0.000e+00 0.000e+00 1.000e+00 0.000e+00 0.000e+00 0.000e+00 0.000e+00
0.000e+00 0.000e+00 0.000e+00 0.000e+00 0.000e+00 0.000e+00 0.000e+00 0.000e+00 0.000e+00 0.000e+00 0.000e+00 0.000e+00 0.000e+00 0.000e+00 0.000e+00 0.000e+00 1.000e+00 0.000e+00 0.000e+00 0.000e+00
0.000e+00 0.000e+00 0.000e+00 0.000e+00 0.000e+00 0.000e+00 0.000e+00 0.000e+00 0.000e+00 0.000e+00 0.000e+00 0.000e+00 0.000e+00 0.000e+00 0.000e+00 0.000e+00 0.000e+00 1.000e+00 0.000e+00 0.000e+00
0.000e+00 0.000e+00 0.000e+00 0.000e+00 0.000e+00 0.000e+00 0.000e+00 0.000e+00 0.000e+00 0.000e+00 0.000e+00 0.000e+00 0.000e+00 0.000e+00 0.000e+00 0.000e+00 0.000e+00 0.000e+00 1.000e+00 0.000e+00
0.000e+00 0.000e+00 0.000e+00 0.000e+00 0.000e+00 0.000e+00 0.000e+00 0.000e+00 0.000e+00 0.000e+00 0.000e+00 0.000e+00 0.000e+00 0.000e+00 0.000e+00 0.000e+00 0.000e+00 0.000e+00 0.000e+00 1.000e+00

9.590e-01 2.564e-03 3.077e-02 0.000e+00 2.564e-03 0.000e+00 0.000e+00 0.000e+00 0.000e+00 0.000e+00 0.000e+00 0.000e+00 0.000e+00 0.000e+00 2.564e-03 0.000e+00 0.000e+00 2.564e-03 0.000e+00 0.000e+00
7.500e-01 0.000e+00 0.000e+00 2.500e-01 0.000e+00 0.000e+00 0.000e+00 0.000e+00 0.000e+00 0.000e+00 0.000e+00 0.000e+00 0.000e+00 0.000e+00 0.000e+00 0.000e+00 0.000e+00 0.000e+00 0.000e+00 0.000e+00
4.545e-01 0.000e+00 4.545e-01 9.091e-02 0.000e+00 0.000e+00 0.000e+00 0.000e+00 0.000e+00 0.000e+00 0.000e+00 0.000e+00 0.000e+00 0.000e+00 0.000e+00 0.000e+00 0.000e+00 0.000e+00 0.000e+00 0.000e+00
0.000e+00 1.000e+00 0.000e+00 0.000e+00 0.000e+00 0.000e+00 0.000e+00 0.000e+00 0.000e+00 0.000e+00 0.000e+00 0.000e+00 0.000e+00 0.000e+00 0.000e+00 0.000e+00 0.000e+00 0.000e+00 0.000e+00 0.000e+00
6.667e-02 6.667e-02 6.667e-02 6.667e-02 6.667e-02 6.667e-02 6.667e-02 6.667e-02 6.667e-02 6.667e-02 6.667e-02 6.667e-02 6.667e-02 6.667e-02 6.667e-02 6.667e-02 6.667e-02 6.667e-02 6.667e-02 6.667e-02
6.667e-02 6.667e-02 6.667e-02 6.667e-02 6.667e-02 6.667e-02 6.667e-02 6.667e-02 6.667e-02 6.667e-02 6.667e-02 6.667e-02 6.667e-02 6.667e-02 6.667e-02 6.667e-02 6.667e-02 6.667e-02 6.667e-02 6.667e-02
6.667e-02 6.667e-02 6.667e-02 6.667e-02 6.667e-02 6.667e-02 6.667e-02 6.667e-02 6.667e-02 6.667e-02 6.667e-02 6.667e-02 6.667e-02 6.667e-02 6.667e-02 6.667e-02 6.667e-02 6.667e-02 6.667e-02 6.667e-02
6.667e-02 6.667e-02 6.667e-02 6.667e-02 6.667e-02 6.667e-02 6.667e-02 6.667e-02 6.667e-02 6.667e-02 6.667e-02 6.667e-02 6.667e-02 6.667e-02 6.667e-02 6.667e-02 6.667e-02 6.667e-02 6.667e-02 6.667e-02
6.667e-02 6.667e-02 6.667e-02 6.667e-02 6.667e-02 6.667e-02 6.667e-02 6.667e-02 6.667e-02 6.667e-02 6.667e-02 6.667e-02 6.667e-02 6.667e-02 6.667e-02 6.667e-02 6.667e-02 6.667e-02 6.667e-02 6.667e-02
6.667e-02 6.667e-02 6.667e-02 6.667e-02 6.667e-02 6.667e-02 6.667e-02 6.667e-02 6.667e-02 6.667e-02 6.667e-02 6.667e-02 6.667e-02 6.667e-02 6.667e-02 6.667e-02 6.667e-02 6.667e-02 6.667e-02 6.667e-02
6.667e-02 6.667e-02 6.667e-02 6.667e-02 6.667e-02 6.667e-02 6.667e-02 6.667e-02 6.667e-02 6.667e-02 6.667e-02 6.667e-02 6.667e-02 6.667e-02 6.667e-02 6.667e-02 6.667e-02 6.667e-02 6.667e-02 6.667e-02
6.667e-02 6.667e-02 6.667e-02 6.667e-02 6.667e-02 6.667e-02 6.667e-02 6.667e-02 6.667e-02 6.667e-02 6.667e-02 6.667e-02 6.667e-02 6.667e-02 6.667e-02 6.667e-02 6.667e-02 6.667e-02 6.667e-02 6.667e-02
6.667e-02 6.667e-02 6.667e-02 6.667e-02 6.667e-02 6.667e-02 6.667e-02 6.667e-02 6.667e-02 6.667e-02 6.667e-02 6.667e-02 6.667e-02 6.667e-02 6.667e-02 6.667e-02 6.667e-02 6.667e-02 6.667e-02 6.667e-02
6.667e-02 6.667e-02 6.667e-02 6.667e-02 6.667e-02 6.667e-02 6.667e-02 6.667e-02 6.667e-02 6.667e-02 6.667e-02 6.667e-02 6.667e-02 6.667e-02 6.667e-02 6.667e-02 6.667e-02 6.667e-02 6.667e-02 6.667e-02
6.667e-02 6.667e-02 6.667e-02 6.667e-02 6.667e-02 6.667e-02 6.667e-02 6.667e-02 6.667e-02 6.667e-02 6.667e-02 6.667e-02 6.667e-02 6.667e-02 6.667e-02 6.667e-02 6.667e-02 6.667e-02 6.667e-02 6.667e-02
0.000e+00 0.000e+00 0.000e+00 0.000e+00 0.000e+00 0.000e+00 0.000e+00 0.000e+00 0.000e+00 0.000e+00 0.000e+00 0.000e+00 0.000e+00 0.000e+00 0.000e+00 1.000e+00 0.000e+00 0.000e+00 0.000e+00 0.000e+00
0.000e+00 0.000e+00 0.000e+00 0.000e+00 0.000e+00 0.000e+00 0.000e+00 0.000e+00 0.000e+00 0.000e+00 0.000e+00 0.000e+00 0.000e+00 0.000e+00 0.000e+00 0.000e+00 1.000e+00 0.000e+00 0.000e+00 0.000e+00
0.000e+00 0.000e+00 0.000e+00 0.000e+00 0.000e+00 0.000e+00 0.000e+00 0.000e+00 0.000e+00 0.000e+00 0.000e+00 0.000e+00 0.000e+00 0.000e+00 0.000e+00 0.000e+00 0.000e+00 1.000e+00 0.000e+00 0.000e+00
0.000e+00 0.000e+00 0.000e+00 0.000e+00 0.000e+00 0.000e+00 0.000e+00 0.000e+00 0.000e+00 0.000e+00 0.000e+00 0.000e+00 0.000e+00 0.000e+00 0.000e+00 0.000e+00 0.000e+00 0.000e+00 1.000e+00 0.000e+00
0.000e+00 0.000e+00 0.000e+00 0.000e+00 0.000e+00 0.000e+00 0.000e+00 0.000e+00 0.000e+00 0.000e+00 0.000e+00 0.000e+00 0.000e+00 0.000e+00 0.000e+00 0.000e+00 0.000e+00 0.000e+00 0.000e+00 1.000e+00

9.738e-01 5.236e-03 2.094e-02 0.000e+00 0.000e+00 0.000e+00 0.000e+00 0.000e+00 0.000e+00 0.000e+00 0.000e+00 0.000e+00 0.000e+00 0.000e+00 0.000e+00 0.000e+00 0.000e+00 0.000e+00 0.000e+00 0.000e+00
5.000e-01 5.000e-01 0.000e+00 0.000e+00 0.000e+00 0.000e+00 0.000e+00 0.000e+00 0.000e+00 0.000e+00 0.000e+00 0.000e+00 0.000e+00 0.000e+00 0.000e+00 0.000e+00 0.000e+00 0.000e+00 0.000e+00 0.000e+00
8.235e-01 0.000e+00 1.176e-01 5.882e-02 0.000e+00 0.000e+00 0.000e+00 0.000e+00 0.000e+00 0.000e+00 0.000e+00 0.000e+00 0.000e+00 0.000e+00 0.000e+00 0.000e+00 0.000e+00 0.000e+00 0.000e+00 0.000e+00
0.000e+00 5.000e-01 5.000e-01 0.000e+00 0.000e+00 0.000e+00 0.000e+00 0.000e+00 0.000e+00 0.000e+00 0.000e+00 0.000e+00 0.000e+00 0.000e+00 0.000e+00 0.000e+00 0.000e+00 0.000e+00 0.000e+00 0.000e+00
1.000e+00 0.000e+00 0.000e+00 0.000e+00 0.000e+00 0.000e+00 0.000e+00 0.000e+00 0.000e+00 0.000e+00 0.000e+00 0.000e+00 0.000e+00 0.000e+00 0.000e+00 0.000e+00 0.000e+00 0.000e+00 0.000e+00 0.000e+00
6.667e-02 6.667e-02 6.667e-02 6.667e-02 6.667e-02 6.667e-02 6.667e-02 6.667e-02 6.667e-02 6.667e-02 6.667e-02 6.667e-02 6.667e-02 6.667e-02 6.667e-02 6.667e-02 6.667e-02 6.667e-02 6.667e-02 6.667e-02
6.667e-02 6.667e-02 6.667e-02 6.667e-02 6.667e-02 6.667e-02 6.667e-02 6.667e-02 6.667e-02 6.667e-02 6.667e-02 6.667e-02 6.667e-02 6.667e-02 6.667e-02 6.667e-02 6.667e-02 6.667e-02 6.667e-02 6.667e-02
6.667e-02 6.667e-02 6.667e-02 6.667e-02 6.667e-02 6.667e-02 6.667e-02 6.667e-02 6.667e-02 6.667e-02 6.667e-02 6.667e-02 6.667e-02 6.667e-02 6.667e-02 6.667e-02 6.667e-02 6.667e-02 6.667e-02 6.667e-02
6.667e-02 6.667e-02 6.667e-02 6.667e-02 6.667e-02 6.667e-02 6.667e-02 6.667e-02 6.667e-02 6.667e-02 6.667e-02 6.667e-02 6.667e-02 6.667e-02 6.667e-02 6.667e-02 6.667e-02 6.667e-02 6.667e-02 6.667e-02
6.667e-02 6.667e-02 6.667e-02 6.667e-02 6.667e-02 6.667e-02 6.667e-02 6.667e-02 6.667e-02 6.667e-02 6.667e-02 6.667e-02 6.667e-02 6.667e-02 6.667e-02 6.667e-02 6.667e-02 6.667e-02 6.667e-02 6.667e-02
6.667e-02 6.667e-02 6.667e-02 6.667e-02 6.667e-02 6.667e-02 6.667e-02 6.667e-02 6.667e-02 6.667e-02 6.667e-02 6.667e-02 6.667e-02 6.667e-02 6.667e-02 6.667e-02 6.667e-02 6.667e-02 6.667e-02 6.667e-02
6.667e-02 6.667e-02 6.667e-02 6.667e-02 6.667e-02 6.667e-02 6.667e-02 6.667e-02 6.667e-02 6.667e-02 6.667e-02 6.667e-02 6.667e-02 6.667e-02 6.667e-02 6.667e-02 6.667e-02 6.667e-02 6.667e-02 6.667e-02
6.667e-02 6.667e-02 6.667e-02 6.667e-02 6.667e-02 6.667e-02 6.667e-02 6.667e-02 6.667e-02 6.667e-02 6.667e-02 6.667e-02 6.667e-02 6.667e-02 6.667e-02 6.667e-02 6.667e-02 6.667e-02 6.667e-02 6.667e-02
6.667e-02 6.667e-02 6.667e-02 6.667e-02 6.667e-02 6.667e-02 6.667e-02 6.667e-02 6.667e-02 6.667e-02 6.667e-02 6.667e-02 6.667e-02 6.667e-02 6.667e-02 6.667e-02 6.667e-02 6.667e-02 6.667e-02 6.667e-02
1.000e+00 0.000e+00 0.000e+00 0.000e+00 0.000e+00 0.000e+00 0.000e+00 0.000e+00 0.000e+00 0.000e+00 0.000e+00 0.000e+00 0.000e+00 0.000e+00 0.000e+00 0.000e+00 0.000e+00 0.000e+00 0.000e+00 0.000e+00
0.000e+00 0.000e+00 0.000e+00 0.000e+00 0.000e+00 0.000e+00 0.000e+00 0.000e+00 0.000e+00 0.000e+00 0.000e+00 0.000e+00 0.000e+00 0.000e+00 0.000e+00 1.000e+00 0.000e+00 0.000e+00 0.000e+00 0.000e+00
0.000e+00 0.000e+00 0.000e+00 0.000e+00 0.000e+00 0.000e+00 0.000e+00 0.000e+00 0.000e+00 0.000e+00 0.000e+00 0.000e+00 0.000e+00 0.000e+00 0.000e+00 0.000e+00 1.000e+00 0.000e+00 0.000e+00 0.000e+00
1.000e+00 0.000e+00 0.000e+00 0.000e+00 0.000e+00 0.000e+00 0.000e+00 0.000e+00 0.000e+00 0.000e+00 0.000e+00 0.000e+00 0.000e+00 0.000e+00 0.000e+00 0.000e+00 0.000e+00 0.000e+00 0.000e+00 0.000e+00
0.000e+00 0.000e+00 0.000e+00 0.000e+00 0.000e+00 0.000e+00 0.000e+00 0.000e+00 0.000e+00 0.000e+00 0.000e+00 0.000e+00 0.000e+00 0.000e+00 0.000e+00 0.000e+00 0.000e+00 0.000e+00 1.000e+00 0.000e+00
0.000e+00 0.000e+00 0.000e+00 0.000e+00 0.000e+00 0.000e+00 0.000e+00 0.000e+00 0.000e+00 0.000e+00 0.000e+00 0.000e+00 0.000e+00 0.000e+00 0.000e+00 0.000e+00 0.000e+00 0.000e+00 0.000e+00 1.000e+00

9.744e-01 5.128e-03 1.282e-02 0.000e+00 0.000e+00 0.000e+00 0.000e+00 2.564e-03 0.000e+00 0.000e+00 0.000e+00 0.000e+00 0.000e+00 2.564e-03 0.000e+00 0.000e+00 0.000e+00 2.564e-03 0.000e+00 0.000e+00
5.000e-01 5.000e-01 0.000e+00 0.000e+00 0.000e+00 0.000e+00 0.000e+00 0.000e+00 0.000e+00 0.000e+00 0.000e+00 0.000e+00 0.000e+00 0.000e+00 0.000e+00 0.000e+00 0.000e+00 0.000e+00 0.000e+00 0.000e+00
1.000e+00 0.000e+00 0.000e+00 0.000e+00 0.000e+00 0.000e+00 0.000e+00 0.000e+00 0.000e+00 0.000e+00 0.000e+00 0.000e+00 0.000e+00 0.000e+00 0.000e+00 0.000e+00 0.000e+00 0.000e+00 0.000e+00 0.000e+00
0.000e+00 1.000e+00 0.000e+00 0.000e+00 0.000e+00 0.000e+00 0.000e+00 0.000e+00 0.000e+00 0.000e+00 0.000e+00 0.000e+00 0.000e+00 0.000e+00 0.000e+00 0.000e+00 0.000e+00 0.000e+00 0.000e+00 0.000e+00
6.667e-02 6.667e-02 6.667e-02 6.667e-02 6.667e-02 6.667e-02 6.667e-02 6.667e-02 6.667e-02 6.667e-02 6.667e-02 6.667e-02 6.667e-02 6.667e-02 6.667e-02 6.667e-02 6.667e-02 6.667e-02 6.667e-02 6.667e-02
6.667e-02 6.667e-02 6.667e-02 6.667e-02 6.667e-02 6.667e-02 6.667e-02 6.667e-02 6.667e-02 6.667e-02 6.667e-02 6.667e-02 6.667e-02 6.667e-02 6.667e-02 6.667e-02 6.667e-02 6.667e-02 6.667e-02 6.667e-02
6.667e-02 6.667e-02 6.667e-02 6.667e-02 6.667e-02 6.667e-02 6.667e-02 6.667e-02 6.667e-02 6.667e-02 6.667e-02 6.667e-02 6.667e-02 6.667e-02 6.667e-02 6.667e-02 6.667e-02 6.667e-02 6.667e-02 6.667e-02
6.667e-02 6.667e-02 6.667e-02 6.667e-02 6.667e-02 6.667e-02 6.667e-02 6.667e-02 6.667e-02 6.667e-02 6.667e-02 6.667e-02 6.667e-02 6.667e-02 6.667e-02 6.667e-02 6.667e-02 6.667e-02 6.667e-02 6.667e-02
6.667e-02 6.667e-02 6.667e-02 6.667e-02 6.667e-02 6.667e-02 6.667e-02 6.667e-02 6.667e-02 6.667e-02 6.667e-02 6.667e-02 6.667e-02 6.667e-02 6.667e-02 6.667e-02 6.667e-02 6.667e-02 6.667e-02 6.667e-02
6.667e-02 6.667e-02 6.667e-02 6.667e-02 6.667e-02 6.667e-02 6.667e-02 6.667e-02 6.667e-02 6.667e-02 6.667e-02 6.667e-02 6.667e-02 6.667e-02 6.667e-02 6.667e-02 6.667e-02 6.667e-02 6.667e-02 6.667e-02
6.667e-02 6.667e-02 6.667e-02 6.667e-02 6.667e-02 6.667e-02 6.667e-02 6.667e-02 6.667e-02 6.667e-02 6.667e-02 6.667e-02 6.667e-02 6.667e-02 6.667e-02 6.667e-02 6.667e-02 6.667e-02 6.667e-02 6.667e-02
6.667e-02 6.667e-02 6.667e-02 6.667e-02 6.667e-02 6.667e-02 6.667e-02 6.667e-02 6.667e-02 6.667e-02 6.667e-02 6.667e-02 6.667e-02 6.667e-02 6.667e-02 6.667e-02 6.667e-02 6.667e-02 6.667e-02 6.667e-02
6.667e-02 6.667e-02 6.667e-02 6.667e-02 6.667e-02 6.667e-02 6.667e-02 6.667e-02 6.667e-02 6.667e-02 6.667e-02 6.667e-02 6.667e-02 6.667e-02 6.667e-02 6.667e-02 6.667e-02 6.667e-02 6.667e-02 6.667e-02
6.667e-02 6.667e-02 6.667e-02 6.667e-02 6.667e-02 6.667e-02 6.667e-02 6.667e-02 6.667e-02 6.667e-02 6.667e-02 6.667e-02 6.667e-02 6.667e-02 6.667e-02 6.667e-02 6.667e-02 6.667e-02 6.667e-02 6.667e-02
6.667e-02 6.667e-02 6.667e-02 6.667e-02 6.667e-02 6.667e-02 6.667e-02 6.667e-02 6.667e-02 6.667e-02 6.667e-02 6.667e-02 6.667e-02 6.667e-02 6.667e-02 6.667e-02 6.667e-02 6.667e-02 6.667e-02 6.667e-02
0.000e+00 0.000e+00 0.000e+00 0.000e+00 0.000e+00 0.000e+00 0.000e+00 0.000e+00 0.000e+00 0.000e+00 0.000e+00 0.000e+00 0.000e+00 0.000e+00 0.000e+00 1.000e+00 0.000e+00 0.000e+00 0.000e+00 0.000e+00
0.000e+00 0.000e+00 0.000e+00 0.000e+00 0.000e+00 0.000e+00 0.000e+00 0.000e+00 0.000e+00 0.000e+00 0.000e+00 0.000e+00 0.000e+00 0.000e+00 0.000e+00 0.000e+00 1.000e+00 0.000e+00 0.000e+00 0.000e+00
0.000e+00 0.000e+00 0.000e+00 0.000e+00 0.000e+00 0.000e+00 0.000e+00 0.000e+00 0.000e+00 0.000e+00 0.000e+00 0.000e+00 0.000e+00 0.000e+00 0.000e+00 0.000e+00 0.000e+00 1.000e+00 0.000e+00 0.000e+00
0.000e+00 0.000e+00 0.000e+00 0.000e+00 0.000e+00 0.000e+00 0.000e+00 0.000e+00 0.000e+00 0.000e+00 0.000e+00 0.000e+00 0.000e+00 0.000e+00 0.000e+00 0.000e+00 0.000e+00 0.000e+00 1.000e+00 0.000e+00
0.000e+00 0.000e+00 0.000e+00 0.000e+00 0.000e+00 0.000e+00 0.000e+00 0.000e+00 0.000e+00 0.000e+00 0.000e+00 0.000e+00 0.000e+00 0.000e+00 0.000e+00 0.000e+00 0.000e+00 0.000e+00 0.000e+00 1.000e+00

9.669e-01 5.089e-03 1.272e-02 5.089e-03 0.000e+00 0.000e+00 2.545e-03 0.000e+00 0.000e+00 0.000e+00 0.000e+00 0.000e+00 0.000e+00 2.545e-03 0.000e+00 0.000e+00 0.000e+00 5.089e-03 0.000e+00 0.000e+00
4.000e-01 4.000e-01 0.000e+00 0.000e+00 0.000e+00 0.000e+00 0.000e+00 0.000e+00 0.000e+00 0.000e+00 0.000e+00 0.000e+00 0.000e+00 2.000e-01 0.000e+00 0.000e+00 0.000e+00 0.000e+00 0.000e+00 0.000e+00
6.000e-01 0.000e+00 2.000e-01 0.000e+00 0.000e+00 0.000e+00 0.000e+00 0.000e+00 0.000e+00 0.000e+00 0.000e+00 0.000e+00 0.000e+00 0.000e+00 0.000e+00 0.000e+00 0.000e+00 2.000e-01 0.000e+00 0.000e+00
6.667e-02 6.667e-02 6.667e-02 6.667e-02 6.667e-02 6.667e-02 6.667e-02 6.667e-02 6.667e-02 6.667e-02 6.667e-02 6.667e-02 6.667e-02 6.667e-02 6.667e-02 6.667e-02 6.667e-02 6.667e-02 6.667e-02 6.667e-02
6.667e-02 6.667e-02 6.667e-02 6.667e-02 6.667e-02 6.667e-02 6.667e-02 6.667e-02 6.667e-02 6.667e-02 6.667e-02 6.667e-02 6.667e-02 6.667e-02 6.667e-02 6.667e-02 6.667e-02 6.667e-02 6.667e-02 6.667e-02
6.667e-02 6.667e-02 6.667e-02 6.667e-02 6.667e-02 6.667e-02 6.667e-02 6.667e-02 6.667e-02 6.667e-02 6.667e-02 6.667e-02 6.667e-02 6.667e-02 6.667e-02 6.667e-02 6.667e-02 6.667e-02 6.667e-02 6.667e-02
6.667e-02 6.667e-02 6.667e-02 6.667e-02 6.667e-02 6.667e-02 6.667e-02 6.667e-02 6.667e-02 6.667e-02 6.667e-02 6.667e-02 6.667e-02 6.667e-02 6.667e-02 6.667e-02 6.667e-02 6.667e-02 6.667e-02 6.667e-02
0.000e+00 0.000e+00 1.000e+00 0.000e+00 0.000e+00 0.000e+00 0.000e+00 0.000e+00 0.000e+00 0.000e+00 0.000e+00 0.000e+00 0.000e+00 0.000e+00 0.000e+00 0.000e+00 0.000e+00 0.000e+00 0.000e+00 0.000e+00
6.667e-02 6.667e-02 6.667e-02 6.667e-02 6.667e-02 6.667e-02 6.667e-02 6.667e-02 6.667e-02 6.667e-02 6.667e-02 6.667e-02 6.667e-02 6.667e-02 6.667e-02 6.667e-02 6.667e-02 6.667e-02 6.667e-02 6.667e-02
6.667e-02 6.667e-02 6.667e-02 6.667e-02 6.667e-02 6.667e-02 6.667e-02 6.667e-02 6.667e-02 6.667e-02 6.667e-02 6.667e-02 6.667e-02 6.667e-02 6.667e-02 6.667e-02 6.667e-02 6.667e-02 6.667e-02 6.667e-02
6.667e-02 6.667e-02 6.667e-02 6.667e-02 6.667e-02 6.667e-02 6.667e-02 6.667e-02 6.667e-02 6.667e-02 6.667e-02 6.667e-02 6.667e-02 6.667e-02 6.667e-02 6.667e-02 6.667e-02 6.667e-02 6.667e-02 6.667e-02
6.667e-02 6.667e-02 6.667e-02 6.667e-02 6.667e-02 6.667e-02 6.667e-02 6.667e-02 6.667e-02 6.667e-02 6.667e-02 6.667e-02 6.667e-02 6.667e-02 6.667e-02 6.667e-02 6.667e-02 6.667e-02 6.667e-02 6.667e-02
6.667e-02 6.667e-02 6.667e-02 6.667e-02 6.667e-02 6.667e-02 6.667e-02 6.667e-02 6.667e-02 6.667e-02 6.667e-02 6.667e-02 6.667e-02 6.667e-02 6.667e-02 6.667e-02 6.667e-02 6.667e-02 6.667e-02 6.667e-02
0.000e+00 0.000e+00 0.000e+00 0.000e+00 0.000e+00 0.000e+00 0.000e+00 0.000e+00 0.000e+00 0.000e+00 0.000e+00 0.000e+00 0.000e+00 1.000e+00 0.000e+00 0.000e+00 0.000e+00 0.000e+00 0.000e+00 0.000e+00
6.667e-02 6.667e-02 6.667e-02 6.667e-02 6.667e-02 6.667e-02 6.667e-02 6.667e-02 6.667e-02 6.667e-02 6.667e-02 6.667e-02 6.667e-02 6.667e-02 6.667e-02 6.667e-02 6.667e-02 6.667e-02 6.667e-02 6.667e-02
0.000e+00 0.000e+00 0.000e+00 0.000e+00 0.000e+00 0.000e+00 0.000e+00 0.000e+00 0.000e+00 0.000e+00 0.000e+00 0.000e+00 0.000e+00 0.000e+00 0.000e+00 1.000e+00 0.000e+00 0.000e+00 0.000e+00 0.000e+00
0.000e+00 0.000e+00 0.000e+00 0.000e+00 0.000e+00 0.000e+00 0.000e+00 0.000e+00 0.000e+00 0.000e+00 0.000e+00 0.000e+00 0.000e+00 0.000e+00 0.000e+00 0.000e+00 1.000e+00 0.000e+00 0.000e+00 0.000e+00
1.000e+00 0.000e+00 0.000e+00 0.000e+00 0.000e+00 0.000e+00 0.000e+00 0.000e+00 0.000e+00 0.000e+00 0.000e+00 0.000e+00 0.000e+00 0.000e+00 0.000e+00 0.000e+00 0.000e+00 0.000e+00 0.000e+00 0.000e+00
0.000e+00 0.000e+00 0.000e+00 0.000e+00 0.000e+00 0.000e+00 0.000e+00 0.000e+00 0.000e+00 0.000e+00 0.000e+00 0.000e+00 0.000e+00 0.000e+00 0.000e+00 0.000e+00 0.000e+00 0.000e+00 1.000e+00 0.000e+00
0.000e+00 0.000e+00 0.000e+00 0.000e+00 0.000e+00 0.000e+00 0.000e+00 0.000e+00 0.000e+00 0.000e+00 0.000e+00 0.000e+00 0.000e+00 0.000e+00 0.000e+00 0.000e+00 0.000e+00 0.000e+00 0.000e+00 1.000e+00

9.715e-01 7.772e-03 1.036e-02 2.591e-03 0.000e+00 0.000e+00 2.591e-03 0.000e+00 0.000e+00 0.000e+00 0.000e+00 0.000e+00 0.000e+00 2.591e-03 2.591e-03 0.000e+00 0.000e+00 0.000e+00 0.000e+00 0.000e+00
5.000e-01 0.000e+00 0.000e+00 5.000e-01 0.000e+00 0.000e+00 0.000e+00 0.000e+00 0.000e+00 0.000e+00 0.000e+00 0.000e+00 0.000e+00 0.000e+00 0.000e+00 0.000e+00 0.000e+00 0.000e+00 0.000e+00 0.000e+00
7.143e-01 0.000e+00 2.857e-01 0.000e+00 0.000e+00 0.000e+00 0.000e+00 0.000e+00 0.000e+00 0.000e+00 0.000e+00 0.000e+00 0.000e+00 0.000e+00 0.000e+00 0.000e+00 0.000e+00 0.000e+00 0.000e+00 0.000e+00
5.000e-01 0.000e+00 0.000e+00 0.000e+00 0.000e+00 0.000e+00 0.000e+00 0.000e+00 0.000e+00 0.000e+00 0.000e+00 0.000e+00 0.000e+00 0.000e+00 5.000e-01 0.000e+00 0.000e+00 0.000e+00 0.000e+00 0.000e+00
6.667e-02 6.667e-02 6.667e-02 6.667e-02 6.667e-02 6.667e-02 6.667e-02 6.667e-02 6.667e-02 6.667e-02 6.667e-02 6.667e-02 6.667e-02 6.667e-02 6.667e-02 6.667e-02 6.667e-02 6.667e-02 6.667e-02 6.667e-02
6.667e-02 6.667e-02 6.667e-02 6.667e-02 6.667e-02 6.667e-02 6.667e-02 6.667e-02 6.667e-02 6.667e-02 6.667e-02 6.667e-02 6.667e-02 6.667e-02 6.667e-02 6.667e-02 6.667e-02 6.667e-02 6.667e-02 6.667e-02
1.000e+00 0.000e+00 0.000e+00 0.000e+00 0.000e+00 0.000e+00 0.000e+00 0.000e+00 0.000e+00 0.000e+00 0.000e+00 0.000e+00 0.000e+00 0.000e+00 0.000e+00 0.000e+00 0.000e+00 0.000e+00 0.000e+00 0.000e+00
6.667e-02 6.667e-02 6.667e-02 6.667e-02 6.667e-02 6.667e-02 6.667e-02 6.667e-02 6.667e-02 6.667e-02 6.667e-02 6.667e-02 6.667e-02 6.667e-02 6.667e-02 6.667e-02 6.667e-02 6.667e-02 6.667e-02 6.667e-02
6.667e-02 6.667e-02 6.667e-02 6.667e-02 6.667e-02 6.667e-02 6.667e-02 6.667e-02 6.667e-02 6.667e-02 6.667e-02 6.667e-02 6.667e-02 6.667e-02 6.667e-02 6.667e-02 6.667e-02 6.667e-02 6.667e-02 6.667e-02
6.667e-02 6.667e-02 6.667e-02 6.667e-02 6.667e-02 6.667e-02 6.667e-02 6.667e-02 6.667e-02 6.667e-02 6.667e-02 6.667e-02 6.667e-02 6.667e-02 6.667e-02 6.667e-02 6.667e-02 6.667e-02 6.667e-02 6.667e-02
6.667e-02 6.667e-02 6.667e-02 6.667e-02 6.667e-02 6.667e-02 6.667e-02 6.667e-02 6.667e-02 6.667e-02 6.667e-02 6.667e-02 6.667e-02 6.667e-02 6.667e-02 6.667e-02 6.667e-02 6.667e-02 6.667e-02 6.667e-02
6.667e-02 6.667e-02 6.667e-02 6.667e-02 6.667e-02 6.667e-02 6.667e-02 6.667e-02 6.667e-02 6.667e-02 6.667e-02 6.667e-02 6.667e-02 6.667e-02 6.667e-02 6.667e-02 6.667e-02 6.667e-02 6.667e-02 6.667e-02
6.667e-02 6.667e-02 6.667e-02 6.667e-02 6.667e-02 6.667e-02 6.667e-02 6.667e-02 6.667e-02 6.667e-02 6.667e-02 6.667e-02 6.667e-02 6.667e-02 6.667e-02 6.667e-02 6.667e-02 6.667e-02 6.667e-02 6.667e-02
3.333e-01 0.000e+00 0.000e+00 0.000e+00 0.000e+00 0.000e+00 0.000e+00 0.000e+00 0.000e+00 0.000e+00 0.000e+00 0.000e+00 0.000e+00 6.667e-01 0.000e+00 0.000e+00 0.000e+00 0.000e+00 0.000e+00 0.000e+00
6.667e-02 6.667e-02 6.667e-02 6.667e-02 6.667e-02 6.667e-02 6.667e-02 6.667e-02 6.667e-02 6.667e-02 6.667e-02 6.667e-02 6.667e-02 6.667e-02 6.667e-02 6.667e-02 6.667e-02 6.667e-02 6.667e-02 6.667e-02
0.000e+00 0.000e+00 0.000e+00 0.000e+00 0.000e+00 0.000e+00 0.000e+00 0.000e+00 0.000e+00 0.000e+00 0.000e+00 0.000e+00 0.000e+00 0.000e+00 0.000e+00 1.000e+00 0.000e+00 0.000e+00 0.000e+00 0.000e+00
0.000e+00 0.000e+00 0.000e+00 0.000e+00 0.000e+00 0.000e+00 0.000e+00 0.000e+00 0.000e+00 0.000e+00 0.000e+00 0.000e+00 0.000e+00 0.000e+00 0.000e+00 0.000e+00 1.000e+00 0.000e+00 0.000e+00 0.000e+00
1.000e+00 0.000e+00 0.000e+00 0.000e+00 0.000e+00 0.000e+00 0.000e+00 0.000e+00 0.000e+00 0.000e+00 0.000e+00 0.000e+00 0.000e+00 0.000e+00 0.000e+00 0.000e+00 0.000e+00 0.000e+00 0.000e+00 0.000e+00
0.000e+00 0.000e+00 0.000e+00 0.000e+00 0.000e+00 0.000e+00 0.000e+00 0.000e+00 0.000e+00 0.000e+00 0.000e+00 0.000e+00 0.000e+00 0.000e+00 0.000e+00 0.000e+00 0.000e+00 0.000e+00 1.000e+00 0.000e+00
0.000e+00 0.000e+00 0.000e+00 0.000e+00 0.000e+00 0.000e+00 0.000e+00 0.000e+00 0.000e+00 0.000e+00 0.000e+00 0.000e+00 0.000e+00 0.000e+00 0.000e+00 0.000e+00 0.000e+00 0.000e+00 0.000e+00 1.000e+00

9.768e-01 2.577e-03 1.804e-02 0.000e+00 0.000e+00 0.000e+00 0.000e+00 0.000e+00 0.000e+00 0.000e+00 0.000e+00 0.000e+00 0.000e+00 0.000e+00 0.000e+00 2.577e-03 0.000e+00 0.000e+00 0.000e+00 0.000e+00
1.000e+00 0.000e+00 0.000e+00 0.000e+00 0.000e+00 0.000e+00 0.000e+00 0.000e+00 0.000e+00 0.000e+00 0.000e+00 0.000e+00 0.000e+00 0.000e+00 0.000e+00 0.000e+00 0.000e+00 0.000e+00 0.000e+00 0.000e+00
8.333e-01 0.000e+00 1.667e-01 0.000e+00 0.000e+00 0.000e+00 0.000e+00 0.000e+00 0.000e+00 0.000e+00 0.000e+00 0.000e+00 0.000e+00 0.000e+00 0.000e+00 0.000e+00 0.000e+00 0.000e+00 0.000e+00 0.000e+00
3.333e-01 6.667e-01 0.000e+00 0.000e+00 0.000e+00 0.000e+00 0.000e+00 0.000e+00 0.000e+00 0.000e+00 0.000e+00 0.000e+00 0.000e+00 0.000e+00 0.000e+00 0.000e+00 0.000e+00 0.000e+00 0.000e+00 0.000e+00
6.667e-02 6.667e-02 6.667e-02 6.667e-02 6.667e-02 6.667e-02 6.667e-02 6.667e-02 6.667e-02 6.667e-02 6.667e-02 6.667e-02 6.667e-02 6.667e-02 6.667e-02 6.667e-02 6.667e-02 6.667e-02 6.667e-02 6.667e-02
6.667e-02 6.667e-02 6.667e-02 6.667e-02 6.667e-02 6.667e-02 6.667e-02 6.667e-02 6.667e-02 6.667e-02 6.667e-02 6.667e-02 6.667e-02 6.667e-02 6.667e-02 6.667e-02 6.667e-02 6.667e-02 6.667e-02 6.667e-02
1.000e+00 0.000e+00 0.000e+00 0.000e+00 0.000e+00 0.000e+00 0.000e+00 0.000e+00 0.000e+00 0.000e+00 0.000e+00 0.000e+00 0.000e+00 0.000e+00 0.000e+00 0.000e+00 0.000e+00 0.000e+00 0.000e+00 0.000e+00
6.667e-02 6.667e-02 6.667e-02 6.667e-02 6.667e-02 6.667e-02 6.667e-02 6.667e-02 6.667e-02 6.667e-02 6.667e-02 6.667e-02 6.667e-02 6.667e-02 6.667e-02 6.667e-02 6.667e-02 6.667e-02 6.667e-02 6.667e-02
6.667e-02 6.667e-02 6.667e-02 6.667e-02 6.667e-02 6.667e-02 6.667e-02 6.667e-02 6.667e-02 6.667e-02 6.667e-02 6.667e-02 6.667e-02 6.667e-02 6.667e-02 6.667e-02 6.667e-02 6.667e-02 6.667e-02 6.667e-02
6.667e-02 6.667e-02 6.667e-02 6.667e-02 6.667e-02 6.667e-02 6.667e-02 6.667e-02 6.667e-02 6.667e-02 6.667e-02 6.667e-02 6.667e-02 6.667e-02 6.667e-02 6.667e-02 6.667e-02 6.667e-02 6.667e-02 6.667e-02
6.667e-02 6.667e-02 6.667e-02 6.667e-02 6.667e-02 6.667e-02 6.667e-02 6.667e-02 6.667e-02 6.667e-02 6.667e-02 6.667e-02 6.667e-02 6.667e-02 6.667e-02 6.667e-02 6.667e-02 6.667e-02 6.667e-02 6.667e-02
6.667e-02 6.667e-02 6.667e-02 6.667e-02 6.667e-02 6.667e-02 6.667e-02 6.667e-02 6.667e-02 6.667e-02 6.667e-02 6.667e-02 6.667e-02 6.667e-02 6.667e-02 6.667e-02 6.667e-02 6.667e-02 6.667e-02 6.667e-02
6.667e-02 6.667e-02 6.667e-02 6.667e-02 6.667e-02 6.667e-02 6.667e-02 6.667e-02 6.667e-02 6.667e-02 6.667e-02 6.667e-02 6.667e-02 6.667e-02 6.667e-02 6.667e-02 6.667e-02 6.667e-02 6.667e-02 6.667e-02
1.000e+00 0.000e+00 0.000e+00 0.000e+00 0.000e+00 0.000e+00 0.000e+00 0.000e+00 0.000e+00 0.000e+00 0.000e+00 0.000e+00 0.000e+00 0.000e+00 0.000e+00 0.000e+00 0.000e+00 0.000e+00 0.000e+00 0.000e+00
1.000e+00 0.000e+00 0.000e+00 0.000e+00 0.000e+00 0.000e+00 0.000e+00 0.000e+00 0.000e+00 0.000e+00 0.000e+00 0.000e+00 0.000e+00 0.000e+00 0.000e+00 0.000e+00 0.000e+00 0.000e+00 0.000e+00 0.000e+00
0.000e+00 0.000e+00 0.000e+00 0.000e+00 0.000e+00 0.000e+00 0.000e+00 0.000e+00 0.000e+00 0.000e+00 0.000e+00 0.000e+00 0.000e+00 0.000e+00 0.000e+00 1.000e+00 0.000e+00 0.000e+00 0.000e+00 0.000e+00
0.000e+00 0.000e+00 0.000e+00 0.000e+00 0.000e+00 0.000e+00 0.000e+00 0.000e+00 0.000e+00 0.000e+00 0.000e+00 0.000e+00 0.000e+00 0.000e+00 0.000e+00 0.000e+00 1.000e+00 0.000e+00 0.000e+00 0.000e+00
0.000e+00 0.000e+00 0.000e+00 0.000e+00 0.000e+00 0.000e+00 0.000e+00 0.000e+00 0.000e+00 0.000e+00 0.000e+00 0.000e+00 0.000e+00 0.000e+00 0.000e+00 0.000e+00 0.000e+00 1.000e+00 0.000e+00 0.000e+00
0.000e+00 0.000e+00 0.000e+00 0.000e+00 0.000e+00 0.000e+00 0.000e+00 0.000e+00 0.000e+00 0.000e+00 0.000e+00 0.000e+00 0.000e+00 0.000e+00 0.000e+00 0.000e+00 0.000e+00 0.000e+00 1.000e+00 0.000e+00
0.000e+00 0.000e+00 0.000e+00 0.000e+00 0.000e+00 0.000e+00 0.000e+00 0.000e+00 0.000e+00 0.000e+00 0.000e+00 0.000e+00 0.000e+00 0.000e+00 0.000e+00 0.000e+00 0.000e+00 0.000e+00 0.000e+00 1.000e+00

9.848e-01 0.000e+00 1.269e-02 0.000e+00 0.000e+00 0.000e+00 0.000e+00 0.000e+00 0.000e+00 0.000e+00 0.000e+00 0.000e+00 0.000e+00 2.538e-03 0.000e+00 0.000e+00 0.000e+00 0.000e+00 0.000e+00 0.000e+00
3.333e-01 0.000e+00 0.000e+00 6.667e-01 0.000e+00 0.000e+00 0.000e+00 0.000e+00 0.000e+00 0.000e+00 0.000e+00 0.000e+00 0.000e+00 0.000e+00 0.000e+00 0.000e+00 0.000e+00 0.000e+00 0.000e+00 0.000e+00
8.750e-01 0.000e+00 1.250e-01 0.000e+00 0.000e+00 0.000e+00 0.000e+00 0.000e+00 0.000e+00 0.000e+00 0.000e+00 0.000e+00 0.000e+00 0.000e+00 0.000e+00 0.000e+00 0.000e+00 0.000e+00 0.000e+00 0.000e+00
6.667e-02 6.667e-02 6.667e-02 6.667e-02 6.667e-02 6.667e-02 6.667e-02 6.667e-02 6.667e-02 6.667e-02 6.667e-02 6.667e-02 6.667e-02 6.667e-02 6.667e-02 6.667e-02 6.667e-02 6.667e-02 6.667e-02 6.667e-02
6.667e-02 6.667e-02 6.667e-02 6.667e-02 6.667e-02 6.667e-02 6.667e-02 6.667e-02 6.667e-02 6.667e-02 6.667e-02 6.667e-02 6.667e-02 6.667e-02 6.667e-02 6.667e-02 6.667e-02 6.667e-02 6.667e-02 6.667e-02
6.667e-02 6.667e-02 6.667e-02 6.667e-02 6.667e-02 6.667e-02 6.667e-02 6.667e-02 6.667e-02 6.667e-02 6.667e-02 6.667e-02 6.667e-02 6.667e-02 6.667e-02 6.667e-02 6.667e-02 6.667e-02 6.667e-02 6.667e-02
6.667e-02 6.667e-02 6.667e-02 6.667e-02 6.667e-02 6.667e-02 6.667e-02 6.667e-02 6.667e-02 6.667e-02 6.667e-02 6.667e-02 6.667e-02 6.667e-02 6.667e-02 6.667e-02 6.667e-02 6.667e-02 6.667e-02 6.667e-02
6.667e-02 6.667e-02 6.667e-02 6.667e-02 6.667e-02 6.667e-02 6.667e-02 6.667e-02 6.667e-02 6.667e-02 6.667e-02 6.667e-02 6.667e-02 6.667e-02 6.667e-02 6.667e-02 6.667e-02 6.667e-02 6.667e-02 6.667e-02
6.667e-02 6.667e-02 6.667e-02 6.667e-02 6.667e-02 6.667e-02 6.667e-02 6.667e-02 6.667e-02 6.667e-02 6.667e-02 6.667e-02 6.667e-02 6.667e-02 6.667e-02 6.667e-02 6.667e-02 6.667e-02 6.667e-02 6.667e-02
6.667e-02 6.667e-02 6.667e-02 6.667e-02 6.667e-02 6.667e-02 6.667e-02 6.667e-02 6.667e-02 6.667e-02 6.667e-02 6.667e-02 6.667e-02 6.667e-02 6.667e-02 6.667e-02 6.667e-02 6.667e-02 6.667e-02 6.667e-02
6.667e-02 6.667e-02 6.667e-02 6.667e-02 6.667e-02 6.667e-02 6.667e-02 6.667e-02 6.667e-02 6.667e-02 6.667e-02 6.667e-02 6.667e-02 6.667e-02 6.667e-02 6.667e-02 6.667e-02 6.667e-02 6.667e-02 6.667e-02
6.667e-02 6.667e-02 6.667e-02 6.667e-02 6.667e-02 6.667e-02 6.667e-02 6.667e-02 6.667e-02 6.667e-02 6.667e-02 6.667e-02 6.667e-02 6.667e-02 6.667e-02 6.667e-02 6.667e-02 6.667e-02 6.667e-02 6.667e-02
6.667e-02 6.667e-02 6.667e-02 6.667e-02 6.667e-02 6.667e-02 6.667e-02 6.667e-02 6.667e-02 6.667e-02 6.667e-02 6.667e-02 6.667e-02 6.667e-02 6.667e-02 6.667e-02 6.667e-02 6.667e-02 6.667e-02 6.667e-02
6.667e-02 6.667e-02 6.667e-02 6.667e-02 6.667e-02 6.667e-02 6.667e-02 6.667e-02 6.667e-02 6.667e-02 6.667e-02 6.667e-02 6.667e-02 6.667e-02 6.667e-02 6.667e-02 6.667e-02 6.667e-02 6.667e-02 6.667e-02
6.667e-02 6.667e-02 6.667e-02 6.667e-02 6.667e-02 6.667e-02 6.667e-02 6.667e-02 6.667e-02 6.667e-02 6.667e-02 6.667e-02 6.667e-02 6.667e-02 6.667e-02 6.667e-02 6.667e-02 6.667e-02 6.667e-02 6.667e-02
1.000e+00 0.000e+00 0.000e+00 0.000e+00 0.000e+00 0.000e+00 0.000e+00 0.000e+00 0.000e+00 0.000e+00 0.000e+00 0.000e+00 0.000e+00 0.000e+00 0.000e+00 0.000e+00 0.000e+00 0.000e+00 0.000e+00 0.000e+00
0.000e+00 0.000e+00 0.000e+00 0.000e+00 0.000e+00 0.000e+00 0.000e+00 0.000e+00 0.000e+00 0.000e+00 0.000e+00 0.000e+00 0.000e+00 0.000e+00 0.000e+00 0.000e+00 1.000e+00 0.000e+00 0.000e+00 0.000e+00
0.000e+00 0.000e+00 0.000e+00 0.000e+00 0.000e+00 0.000e+00 0.000e+00 0.000e+00 0.000e+00 0.000e+00 0.000e+00 0.000e+00 0.000e+00 0.000e+00 0.000e+00 0.000e+00 0.000e+00 1.000e+00 0.000e+00 0.000e+00
0.000e+00 0.000e+00 0.000e+00 0.000e+00 0.000e+00 0.000e+00 0.000e+00 0.000e+00 0.000e+00 0.000e+00 0.000e+00 0.000e+00 0.000e+00 0.000e+00 0.000e+00 0.000e+00 0.000e+00 0.000e+00 1.000e+00 0.000e+00
0.000e+00 0.000e+00 0.000e+00 0.000e+00 0.000e+00 0.000e+00 0.000e+00 0.000e+00 0.000e+00 0.000e+00 0.000e+00 0.000e+00 0.000e+00 0.000e+00 0.000e+00 0.000e+00 0.000e+00 0.000e+00 0.000e+00 1.000e+00

9.723e-01 2.519e-03 1.511e-02 7.557e-03 0.000e+00 0.000e+00 0.000e+00 0.000e+00 0.000e+00 0.000e+00 0.000e+00 0.000e+00 0.000e+00 0.000e+00 0.000e+00 0.000e+00 0.000e+00 2.519e-03 0.000e+00 0.000e+00
6.667e-02 6.667e-02 6.667e-02 6.667e-02 6.667e-02 6.667e-02 6.667e-02 6.667e-02 6.667e-02 6.667e-02 6.667e-02 6.667e-02 6.667e-02 6.667e-02 6.667e-02 6.667e-02 6.667e-02 6.667e-02 6.667e-02 6.667e-02
1.000e+00 0.000e+00 0.000e+00 0.000e+00 0.000e+00 0.000e+00 0.000e+00 0.000e+00 0.000e+00 0.000e+00 0.000e+00 0.000e+00 0.000e+00 0.000e+00 0.000e+00 0.000e+00 0.000e+00 0.000e+00 0.000e+00 0.000e+00
5.000e-01 0.000e+00 0.000e+00 5.000e-01 0.000e+00 0.000e+00 0.000e+00 0.000e+00 0.000e+00 0.000e+00 0.000e+00 0.000e+00 0.000e+00 0.000e+00 0.000e+00 0.000e+00 0.000e+00 0.000e+00 0.000e+00 0.000e+00
6.667e-02 6.667e-02 6.667e-02 6.667e-02 6.667e-02 6.667e-02 6.667e-02 6.667e-02 6.667e-02 6.667e-02 6.667e-02 6.667e-02 6.667e-02 6.667e-02 6.667e-02 6.667e-02 6.667e-02 6.667e-02 6.667e-02 6.667e-02
6.667e-02 6.667e-02 6.667e-02 6.667e-02 6.667e-02 6.667e-02 6.667e-02 6.667e-02 6.667e-02 6.667e-02 6.667e-02 6.667e-02 6.667e-02 6.667e-02 6.667e-02 6.667e-02 6.667e-02 6.667e-02 6.667e-02 6.667e-02
6.667e-02 6.667e-02 6.667e-02 6.667e-02 6.667e-02 6.667e-02 6.667e-02 6.667e-02 6.667e-02 6.667e-02 6.667e-02 6.667e-02 6.667e-02 6.667e-02 6.667e-02 6.667e-02 6.667e-02 6.667e-02 6.667e-02 6.667e-02
6.667e-02 6.667e-02 6.667e-02 6.667e-02 6.667e-02 6.667e-02 6.667e-02 6.667e-02 6.667e-02 6.667e-02 6.667e-02 6.667e-02 6.667e-02 6.667e-02 6.667e-02 6.667e-02 6.667e-02 6.667e-02 6.667e-02 6.667e-02
6.667e-02 6.667e-02 6.667e-02 6.667e-02 6.667e-02 6.667e-02 6.667e-02 6.667e-02 6.667e-02 6.667e-02 6.667e-02 6.667e-02 6.667e-02 6.667e-02 6.667e-02 6.667e-02 6.667e-02 6.667e-02 6.667e-02 6.667e-02
6.667e-02 6.667e-02 6.667e-02 6.667e-02 6.667e-02 6.667e-02 6.667e-02 6.667e-02 6.667e-02 6.667e-02 6.667e-02 6.667e-02 6.667e-02 6.667e-02 6.667e-02 6.667e-02 6.667e-02 6.667e-02 6.667e-02 6.667e-02
6.667e-02 6.667e-02 6.667e-02 6.667e-02 6.667e-02 6.667e-02 6.667e-02 6.667e-02 6.667e-02 6.667e-02 6.667e-02 6.667e-02 6.667e-02 6.667e-02 6.667e-02 6.667e-02 6.667e-02 6.667e-02 6.667e-02 6.667e-02
6.667e-02 6.667e-02 6.667e-02 6.667e-02 6.667e-02 6.667e-02 6.667e-02 6.667e-02 6.667e-02 6.667e-02 6.667e-02 6.667e-02 6.667e-02 6.667e-02 6.667e-02 6.667e-02 6.667e-02 6.667e-02 6.667e-02 6.667e-02
6.667e-02 6.667e-02 6.667e-02 6.667e-02 6.667e-02 6.667e-02 6.667e-02 6.667e-02 6.667e-02 6.667e-02 6.667e-02 6.667e-02 6.667e-02 6.667e-02 6.667e-02 6.667e-02 6.667e-02 6.667e-02 6.667e-02 6.667e-02
1.000e+00 0.000e+00 0.000e+00 0.000e+00 0.000e+00 0.000e+00 0.000e+00 0.000e+00 0.000e+00 0.000e+00 0.000e+00 0.000e+00 0.000e+00 0.000e+00 0.000e+00 0.000e+00 0.000e+00 0.000e+00 0.000e+00 0.000e+00
6.667e-02 6.667e-02 6.667e-02 6.667e-02 6.667e-02 6.667e-02 6.667e-02 6.667e-02 6.667e-02 6.667e-02 6.667e-02 6.667e-02 6.667e-02 6.667e-02 6.667e-02 6.667e-02 6.667e-02 6.667e-02 6.667e-02 6.667e-02
0.000e+00 0.000e+00 0.000e+00 0.000e+00 0.000e+00 0.000e+00 0.000e+00 0.000e+00 0.000e+00 0.000e+00 0.000e+00 0.000e+00 0.000e+00 0.000e+00 0.000e+00 1.000e+00 0.000e+00 0.000e+00 0.000e+00 0.000e+00
0.000e+00 0.000e+00 0.000e+00 0.000e+00 0.000e+00 0.000e+00 0.000e+00 0.000e+00 0.000e+00 0.000e+00 0.000e+00 0.000e+00 0.000e+00 0.000e+00 0.000e+00 0.000e+00 1.000e+00 0.000e+00 0.000e+00 0.000e+00
0.000e+00 0.000e+00 0.000e+00 0.000e+00 0.000e+00 0.000e+00 0.000e+00 0.000e+00 0.000e+00 0.000e+00 0.000e+00 0.000e+00 0.000e+00 0.000e+00 0.000e+00 0.000e+00 0.000e+00 1.000e+00 0.000e+00 0.000e+00
0.000e+00 0.000e+00 0.000e+00 0.000e+00 0.000e+00 0.000e+00 0.000e+00 0.000e+00 0.000e+00 0.000e+00 0.000e+00 0.000e+00 0.000e+00 0.000e+00 0.000e+00 0.000e+00 0.000e+00 0.000e+00 1.000e+00 0.000e+00
0.000e+00 0.000e+00 0.000e+00 0.000e+00 0.000e+00 0.000e+00 0.000e+00 0.000e+00 0.000e+00 0.000e+00 0.000e+00 0.000e+00 0.000e+00 0.000e+00 0.000e+00 0.000e+00 0.000e+00 0.000e+00 0.000e+00 1.000e+00

9.721e-01 0.000e+00 2.030e-02 2.538e-03 0.000e+00 0.000e+00 0.000e+00 2.538e-03 0.000e+00 0.000e+00 0.000e+00 0.000e+00 0.000e+00 0.000e+00 2.538e-03 0.000e+00 0.000e+00 0.000e+00 0.000e+00 0.000e+00
1.000e+00 0.000e+00 0.000e+00 0.000e+00 0.000e+00 0.000e+00 0.000e+00 0.000e+00 0.000e+00 0.000e+00 0.000e+00 0.000e+00 0.000e+00 0.000e+00 0.000e+00 0.000e+00 0.000e+00 0.000e+00 0.000e+00 0.000e+00
8.333e-01 0.000e+00 0.000e+00 0.000e+00 0.000e+00 0.000e+00 0.000e+00 0.000e+00 0.000e+00 0.000e+00 0.000e+00 0.000e+00 0.000e+00 0.000e+00 0.000e+00 0.000e+00 0.000e+00 1.667e-01 0.000e+00 0.000e+00
5.000e-01 0.000e+00 0.000e+00 2.500e-01 0.000e+00 0.000e+00 0.000e+00 2.500e-01 0.000e+00 0.000e+00 0.000e+00 0.000e+00 0.000e+00 0.000e+00 0.000e+00 0.000e+00 0.000e+00 0.000e+00 0.000e+00 0.000e+00
6.667e-02 6.667e-02 6.667e-02 6.667e-02 6.667e-02 6.667e-02 6.667e-02 6.667e-02 6.667e-02 6.667e-02 6.667e-02 6.667e-02 6.667e-02 6.667e-02 6.667e-02 6.667e-02 6.667e-02 6.667e-02 6.667e-02 6.667e-02
6.667e-02 6.667e-02 6.667e-02 6.667e-02 6.667e-02 6.667e-02 6.667e-02 6.667e-02 6.667e-02 6.667e-02 6.667e-02 6.667e-02 6.667e-02 6.667e-02 6.667e-02 6.667e-02 6.667e-02 6.667e-02 6.667e-02 6.667e-02
6.667e-02 6.667e-02 6.667e-02 6.667e-02 6.667e-02 6.667e-02 6.667e-02 6.667e-02 6.667e-02 6.667e-02 6.667e-02 6.667e-02 6.667e-02 6.667e-02 6.667e-02 6.667e-02 6.667e-02 6.667e-02 6.667e-02 6.667e-02
6.667e-02 6.667e-02 6.667e-02 6.667e-02 6.667e-02 6.667e-02 6.667e-02 6.667e-02 6.667e-02 6.667e-02 6.667e-02 6.667e-02 6.667e-02 6.667e-02 6.667e-02 6.667e-02 6.667e-02 6.667e-02 6.667e-02 6.667e-02
6.667e-02 6.667e-02 6.667e-02 6.667e-02 6.667e-02 6.667e-02 6.667e-02 6.667e-02 6.667e-02 6.667e-02 6.667e-02 6.667e-02 6.667e-02 6.667e-02 6.667e-02 6.667e-02 6.667e-02 6.667e-02 6.667e-02 6.667e-02
6.667e-02 6.667e-02 6.667e-02 6.667e-02 6.667e-02 6.667e-02 6.667e-02 6.667e-02 6.667e-02 6.667e-02 6.667e-02 6.667e-02 6.667e-02 6.667e-02 6.667e-02 6.667e-02 6.667e-02 6.667e-02 6.667e-02 6.667e-02
6.667e-02 6.667e-02 6.667e-02 6.667e-02 6.667e-02 6.667e-02 6.667e-02 6.667e-02 6.667e-02 6.667e-02 6.667e-02 6.667e-02 6.667e-02 6.667e-02 6.667e-02 6.667e-02 6.667e-02 6.667e-02 6.667e-02 6.667e-02
6.667e-02 6.667e-02 6.667e-02 6.667e-02 6.667e-02 6.667e-02 6.667e-02 6.667e-02 6.667e-02 6.667e-02 6.667e-02 6.667e-02 6.667e-02 6.667e-02 6.667e-02 6.667e-02 6.667e-02 6.667e-02 6.667e-02 6.667e-02
6.667e-02 6.667e-02 6.667e-02 6.667e-02 6.667e-02 6.667e-02 6.667e-02 6.667e-02 6.667e-02 6.667e-02 6.667e-02 6.667e-02 6.667e-02 6.667e-02 6.667e-02 6.667e-02 6.667e-02 6.667e-02 6.667e-02 6.667e-02
6.667e-02 6.667e-02 6.667e-02 6.667e-02 6.667e-02 6.667e-02 6.667e-02 6.667e-02 6.667e-02 6.667e-02 6.667e-02 6.667e-02 6.667e-02 6.667e-02 6.667e-02 6.667e-02 6.667e-02 6.667e-02 6.667e-02 6.667e-02
6.667e-02 6.667e-02 6.667e-02 6.667e-02 6.667e-02 6.667e-02 6.667e-02 6.667e-02 6.667e-02 6.667e-02 6.667e-02 6.667e-02 6.667e-02 6.667e-02 6.667e-02 6.667e-02 6.667e-02 6.667e-02 6.667e-02 6.667e-02
0.000e+00 0.000e+00 0.000e+00 0.000e+00 0.000e+00 0.000e+00 0.000e+00 0.000e+00 0.000e+00 0.000e+00 0.000e+00 0.000e+00 0.000e+00 0.000e+00 0.000e+00 1.000e+00 0.000e+00 0.000e+00 0.000e+00 0.000e+00
0.000e+00 0.000e+00 0.000e+00 0.000e+00 0.000e+00 0.000e+00 0.000e+00 0.000e+00 0.000e+00 0.000e+00 0.000e+00 0.000e+00 0.000e+00 0.000e+00 0.000e+00 0.000e+00 1.000e+00 0.000e+00 0.000e+00 0.000e+00
1.000e+00 0.000e+00 0.000e+00 0.000e+00 0.000e+00 0.000e+00 0.000e+00 0.000e+00 0.000e+00 0.000e+00 0.000e+00 0.000e+00 0.000e+00 0.000e+00 0.000e+00 0.000e+00 0.000e+00 0.000e+00 0.000e+00 0.000e+00
0.000e+00 0.000e+00 0.000e+00 0.000e+00 0.000e+00 0.000e+00 0.000e+00 0.000e+00 0.000e+00 0.000e+00 0.000e+00 0.000e+00 0.000e+00 0.000e+00 0.000e+00 0.000e+00 0.000e+00 0.000e+00 1.000e+00 0.000e+00
0.000e+00 0.000e+00 0.000e+00 0.000e+00 0.000e+00 0.000e+00 0.000e+00 0.000e+00 0.000e+00 0.000e+00 0.000e+00 0.000e+00 0.000e+00 0.000e+00 0.000e+00 0.000e+00 0.000e+00 0.000e+00 0.000e+00 1.000e+00

9.770e-01 2.551e-03 1.531e-02 0.000e+00 0.000e+00 0.000e+00 0.000e+00 0.000e+00 0.000e+00 0.000e+00 0.000e+00 0.000e+00 0.000e+00 0.000e+00 0.000e+00 0.000e+00 0.000e+00 5.102e-03 0.000e+00 0.000e+00
6.667e-02 6.667e-02 6.667e-02 6.667e-02 6.667e-02 6.667e-02 6.667e-02 6.667e-02 6.667e-02 6.667e-02 6.667e-02 6.667e-02 6.667e-02 6.667e-02 6.667e-02 6.667e-02 6.667e-02 6.667e-02 6.667e-02 6.667e-02
7.500e-01 0.000e+00 1.250e-01 1.250e-01 0.000e+00 0.000e+00 0.000e+00 0.000e+00 0.000e+00 0.000e+00 0.000e+00 0.000e+00 0.000e+00 0.000e+00 0.000e+00 0.000e+00 0.000e+00 0.000e+00 0.000e+00 0.000e+00
5.000e-01 0.000e+00 0.000e+00 0.000e+00 0.000e+00 0.000e+00 0.000e+00 0.000e+00 0.000e+00 0.000e+00 0.000e+00 0.000e+00 0.000e+00 5.000e-01 0.000e+00 0.000e+00 0.000e+00 0.000e+00 0.000e+00 0.000e+00
6.667e-02 6.667e-02 6.667e-02 6.667e-02 6.667e-02 6.667e-02 6.667e-02 6.667e-02 6.667e-02 6.667e-02 6.667e-02 6.667e-02 6.667e-02 6.667e-02 6.667e-02 6.667e-02 6.667e-02 6.667e-02 6.667e-02 6.667e-02
6.667e-02 6.667e-02 6.667e-02 6.667e-02 6.667e-02 6.667e-02 6.667e-02 6.667e-02 6.667e-02 6.667e-02 6.667e-02 6.667e-02 6.667e-02 6.667e-02 6.667e-02 6.667e-02 6.667e-02 6.667e-02 6.667e-02 6.667e-02
6.667e-02 6.667e-02 6.667e-02 6.667e-02 6.667e-02 6.667e-02 6.667e-02 6.667e-02 6.667e-02 6.667e-02 6.667e-02 6.667e-02 6.667e-02 6.667e-02 6.667e-02 6.667e-02 6.667e-02 6.667e-02 6.667e-02 6.667e-02
1.000e+00 0.000e+00 0.000e+00 0.000e+00 0.000e+00 0.000e+00 0.000e+00 0.000e+00 0.000e+00 0.000e+00 0.000e+00 0.000e+00 0.000e+00 0.000e+00 0.000e+00 0.000e+00 0.000e+00 0.000e+00 0.000e+00 0.000e+00
6.667e-02 6.667e-02 6.667e-02 6.667e-02 6.667e-02 6.667e-02 6.667e-02 6.667e-02 6.667e-02 6.667e-02 6.667e-02 6.667e-02 6.667e-02 6.667e-02 6.667e-02 6.667e-02 6.667e-02 6.667e-02 6.667e-02 6.667e-02
6.667e-02 6.667e-02 6.667e-02 6.667e-02 6.667e-02 6.667e-02 6.667e-02 6.667e-02 6.667e-02 6.667e-02 6.667e-02 6.667e-02 6.667e-02 6.667e-02 6.667e-02 6.667e-02 6.667e-02 6.667e-02 6.667e-02 6.667e-02
6.667e-02 6.667e-02 6.667e-02 6.667e-02 6.667e-02 6.667e-02 6.667e-02 6.667e-02 6.667e-02 6.667e-02 6.667e-02 6.667e-02 6.667e-02 6.667e-02 6.667e-02 6.667e-02 6.667e-02 6.667e-02 6.667e-02 6.667e-02
6.667e-02 6.667e-02 6.667e-02 6.667e-02 6.667e-02 6.667e-02 6.667e-02 6.667e-02 6.667e-02 6.667e-02 6.667e-02 6.667e-02 6.667e-02 6.667e-02 6.667e-02 6.667e-02 6.667e-02 6.667e-02 6.667e-02 6.667e-02
6.667e-02 6.667e-02 6.667e-02 6.667e-02 6.667e-02 6.667e-02 6.667e-02 6.667e-02 6.667e-02 6.667e-02 6.667e-02 6.667e-02 6.667e-02 6.667e-02 6.667e-02 6.667e-02 6.667e-02 6.667e-02 6.667e-02 6.667e-02
6.667e-02 6.667e-02 6.667e-02 6.667e-02 6.667e-02 6.667e-02 6.667e-02 6.667e-02 6.667e-02 6.667e-02 6.667e-02 6.667e-02 6.667e-02 6.667e-02 6.667e-02 6.667e-02 6.667e-02 6.667e-02 6.667e-02 6.667e-02
1.000e+00 0.000e+00 0.000e+00 0.000e+00 0.000e+00 0.000e+00 0.000e+00 0.000e+00 0.000e+00 0.000e+00 0.000e+00 0.000e+00 0.000e+00 0.000e+00 0.000e+00 0.000e+00 0.000e+00 0.000e+00 0.000e+00 0.000e+00
0.000e+00 0.000e+00 0.000e+00 0.000e+00 0.000e+00 0.000e+00 0.000e+00 0.000e+00 0.000e+00 0.000e+00 0.000e+00 0.000e+00 0.000e+00 0.000e+00 0.000e+00 1.000e+00 0.000e+00 0.000e+00 0.000e+00 0.000e+00
0.000e+00 0.000e+00 0.000e+00 0.000e+00 0.000e+00 0.000e+00 0.000e+00 0.000e+00 0.000e+00 0.000e+00 0.000e+00 0.000e+00 0.000e+00 0.000e+00 0.000e+00 0.000e+00 1.000e+00 0.000e+00 0.000e+00 0.000e+00
1.000e+00 0.000e+00 0.000e+00 0.000e+00 0.000e+00 0.000e+00 0.000e+00 0.000e+00 0.000e+00 0.000e+00 0.000e+00 0.000e+00 0.000e+00 0.000e+00 0.000e+00 0.000e+00 0.000e+00 0.000e+00 0.000e+00 0.000e+00
0.000e+00 0.000e+00 0.000e+00 0.000e+00 0.000e+00 0.000e+00 0.000e+00 0.000e+00 0.000e+00 0.000e+00 0.000e+00 0.000e+00 0.000e+00 0.000e+00 0.000e+00 0.000e+00 0.000e+00 0.000e+00 1.000e+00 0.000e+00
0.000e+00 0.000e+00 0.000e+00 0.000e+00 0.000e+00 0.000e+00 0.000e+00 0.000e+00 0.000e+00 0.000e+00 0.000e+00 0.000e+00 0.000e+00 0.000e+00 0.000e+00 0.000e+00 0.000e+00 0.000e+00 0.000e+00 1.000e+00

9.822e-01 2.538e-03 1.269e-02 0.000e+00 0.000e+00 0.000e+00 0.000e+00 0.000e+00 0.000e+00 0.000e+00 0.000e+00 0.000e+00 0.000e+00 0.000e+00 0.000e+00 0.000e+00 0.000e+00 2.538e-03 0.000e+00 0.000e+00
1.000e+00 0.000e+00 0.000e+00 0.000e+00 0.000e+00 0.000e+00 0.000e+00 0.000e+00 0.000e+00 0.000e+00 0.000e+00 0.000e+00 0.000e+00 0.000e+00 0.000e+00 0.000e+00 0.000e+00 0.000e+00 0.000e+00 0.000e+00
1.000e+00 0.000e+00 0.000e+00 0.000e+00 0.000e+00 0.000e+00 0.000e+00 0.000e+00 0.000e+00 0.000e+00 0.000e+00 0.000e+00 0.000e+00 0.000e+00 0.000e+00 0.000e+00 0.000e+00 0.000e+00 0.000e+00 0.000e+00
1.000e+00 0.000e+00 0.000e+00 0.000e+00 0.000e+00 0.000e+00 0.000e+00 0.000e+00 0.000e+00 0.000e+00 0.000e+00 0.000e+00 0.000e+00 0.000e+00 0.000e+00 0.000e+00 0.000e+00 0.000e+00 0.000e+00 0.000e+00
6.667e-02 6.667e-02 6.667e-02 6.667e-02 6.667e-02 6.667e-02 6.667e-02 6.667e-02 6.667e-02 6.667e-02 6.667e-02 6.667e-02 6.667e-02 6.667e-02 6.667e-02 6.667e-02 6.667e-02 6.667e-02 6.667e-02 6.667e-02
6.667e-02 6.667e-02 6.667e-02 6.667e-02 6.667e-02 6.667e-02 6.667e-02 6.667e-02 6.667e-02 6.667e-02 6.667e-02 6.667e-02 6.667e-02 6.667e-02 6.667e-02 6.667e-02 6.667e-02 6.667e-02 6.667e-02 6.667e-02
6.667e-02 6.667e-02 6.667e-02 6.667e-02 6.667e-02 6.667e-02 6.667e-02 6.667e-02 6.667e-02 6.667e-02 6.667e-02 6.667e-02 6.667e-02 6.667e-02 6.667e-02 6.667e-02 6.667e-02 6.667e-02 6.667e-02 6.667e-02
6.667e-02 6.667e-02 6.667e-02 6.667e-02 6.667e-02 6.667e-02 6.667e-02 6.667e-02 6.667e-02 6.667e-02 6.667e-02 6.667e-02 6.667e-02 6.667e-02 6.667e-02 6.667e-02 6.667e-02 6.667e-02 6.667e-02 6.667e-02
6.667e-02 6.667e-02 6.667e-02 6.667e-02 6.667e-02 6.667e-02 6.667e-02 6.667e-02 6.667e-02 6.667e-02 6.667e-02 6.667e-02 6.667e-02 6.667e-02 6.667e-02 6.667e-02 6.667e-02 6.667e-02 6.667e-02 6.667e-02
6.667e-02 6.667e-02 6.667e-02 6.667e-02 6.667e-02 6.667e-02 6.667e-02 6.667e-02 6.667e-02 6.667e-02 6.667e-02 6.667e-02 6.667e-02 6.667e-02 6.667e-02 6.667e-02 6.667e-02 6.667e-02 6.667e-02 6.667e-02
6.667e-02 6.667e-02 6.667e-02 6.667e-02 6.667e-02 6.667e-02 6.667e-02 6.667e-02 6.667e-02 6.667e-02 6.667e-02 6.667e-02 6.667e-02 6.667e-02 6.667e-02 6.667e-02 6.667e-02 6.667e-02 6.667e-02 6.667e-02
6.667e-02 6.667e-02 6.667e-02 6.667e-02 6.667e-02 6.667e-02 6.667e-02 6.667e-02 6.667e-02 6.667e-02 6.667e-02 6.667e-02 6.667e-02 6.667e-02 6.667e-02 6.667e-02 6.667e-02 6.667e-02 6.667e-02 6.667e-02
6.667e-02 6.667e-02 6.667e-02 6.667e-02 6.667e-02 6.667e-02 6.667e-02 6.667e-02 6.667e-02 6.667e-02 6.667e-02 6.667e-02 6.667e-02 6.667e-02 6.667e-02 6.667e-02 6.667e-02 6.667e-02 6.667e-02 6.667e-02
1.000e+00 0.000e+00 0.000e+00 0.000e+00 0.000e+00 0.000e+00 0.000e+00 0.000e+00 0.000e+00 0.000e+00 0.000e+00 0.000e+00 0.000e+00 0.000e+00 0.000e+00 0.000e+00 0.000e+00 0.000e+00 0.000e+00 0.000e+00
6.667e-02 6.667e-02 6.667e-02 6.667e-02 6.667e-02 6.667e-02 6.667e-02 6.667e-02 6.667e-02 6.667e-02 6.667e-02 6.667e-02 6.667e-02 6.667e-02 6.667e-02 6.667e-02 6.667e-02 6.667e-02 6.667e-02 6.667e-02
0.000e+00 0.000e+00 0.000e+00 0.000e+00 0.000e+00 0.000e+00 0.000e+00 0.000e+00 0.000e+00 0.000e+00 0.000e+00 0.000e+00 0.000e+00 0.000e+00 0.000e+00 1.000e+00 0.000e+00 0.000e+00 0.000e+00 0.000e+00
0.000e+00 0.000e+00 0.000e+00 0.000e+00 0.000e+00 0.000e+00 0.000e+00 0.000e+00 0.000e+00 0.000e+00 0.000e+00 0.000e+00 0.000e+00 0.000e+00 0.000e+00 0.000e+00 1.000e+00 0.000e+00 0.000e+00 0.000e+00
1.000e+00 0.000e+00 0.000e+00 0.000e+00 0.000e+00 0.000e+00 0.000e+00 0.000e+00 0.000e+00 0.000e+00 0.000e+00 0.000e+00 0.000e+00 0.000e+00 0.000e+00 0.000e+00 0.000e+00 0.000e+00 0.000e+00 0.000e+00
0.000e+00 0.000e+00 0.000e+00 0.000e+00 0.000e+00 0.000e+00 0.000e+00 0.000e+00 0.000e+00 0.000e+00 0.000e+00 0.000e+00 0.000e+00 0.000e+00 0.000e+00 0.000e+00 0.000e+00 0.000e+00 1.000e+00 0.000e+00
0.000e+00 0.000e+00 0.000e+00 0.000e+00 0.000e+00 0.000e+00 0.000e+00 0.000e+00 0.000e+00 0.000e+00 0.000e+00 0.000e+00 0.000e+00 0.000e+00 0.000e+00 0.000e+00 0.000e+00 0.000e+00 0.000e+00 1.000e+00

9.825e-01 2.506e-03 5.013e-03 7.519e-03 0.000e+00 0.000e+00 0.000e+00 0.000e+00 0.000e+00 0.000e+00 0.000e+00 0.000e+00 0.000e+00 0.000e+00 0.000e+00 0.000e+00 0.000e+00 2.506e-03 0.000e+00 0.000e+00
1.000e+00 0.000e+00 0.000e+00 0.000e+00 0.000e+00 0.000e+00 0.000e+00 0.000e+00 0.000e+00 0.000e+00 0.000e+00 0.000e+00 0.000e+00 0.000e+00 0.000e+00 0.000e+00 0.000e+00 0.000e+00 0.000e+00 0.000e+00
1.000e+00 0.000e+00 0.000e+00 0.000e+00 0.000e+00 0.000e+00 0.000e+00 0.000e+00 0.000e+00 0.000e+00 0.000e+00 0.000e+00 0.000e+00 0.000e+00 0.000e+00 0.000e+00 0.000e+00 0.000e+00 0.000e+00 0.000e+00
6.667e-02 6.667e-02 6.667e-02 6.667e-02 6.667e-02 6.667e-02 6.667e-02 6.667e-02 6.667e-02 6.667e-02 6.667e-02 6.667e-02 6.667e-02 6.667e-02 6.667e-02 6.667e-02 6.667e-02 6.667e-02 6.667e-02 6.667e-02
6.667e-02 6.667e-02 6.667e-02 6.667e-02 6.667e-02 6.667e-02 6.667e-02 6.667e-02 6.667e-02 6.667e-02 6.667e-02 6.667e-02 6.667e-02 6.667e-02 6.667e-02 6.667e-02 6.667e-02 6.667e-02 6.667e-02 6.667e-02
6.667e-02 6.667e-02 6.667e-02 6.667e-02 6.667e-02 6.667e-02 6.667e-02 6.667e-02 6.667e-02 6.667e-02 6.667e-02 6.667e-02 6.667e-02 6.667e-02 6.667e-02 6.667e-02 6.667e-02 6.667e-02 6.667e-02 6.667e-02
6.667e-02 6.667e-02 6.667e-02 6.667e-02 6.667e-02 6.667e-02 6.667e-02 6.667e-02 6.667e-02 6.667e-02 6.667e-02 6.667e-02 6.667e-02 6.667e-02 6.667e-02 6.667e-02 6.667e-02 6.667e-02 6.667e-02 6.667e-02
6.667e-02 6.667e-02 6.667e-02 6.667e-02 6.667e-02 6.667e-02 6.667e-02 6.667e-02 6.667e-02 6.667e-02 6.667e-02 6.667e-02 6.667e-02 6.667e-02 6.667e-02 6.667e-02 6.667e-02 6.667e-02 6.667e-02 6.667e-02
6.667e-02 6.667e-02 6.667e-02 6.667e-02 6.667e-02 6.667e-02 6.667e-02 6.667e-02 6.667e-02 6.667e-02 6.667e-02 6.667e-02 6.667e-02 6.667e-02 6.667e-02 6.667e-02 6.667e-02 6.667e-02 6.667e-02 6.667e-02
6.667e-02 6.667e-02 6.667e-02 6.667e-02 6.667e-02 6.667e-02 6.667e-02 6.667e-02 6.667e-02 6.667e-02 6.667e-02 6.667e-02 6.667e-02 6.667e-02 6.667e-02 6.667e-02 6.667e-02 6.667e-02 6.667e-02 6.667e-02
6.667e-02 6.667e-02 6.667e-02 6.667e-02 6.667e-02 6.667e-02 6.667e-02 6.667e-02 6.667e-02 6.667e-02 6.667e-02 6.667e-02 6.667e-02 6.667e-02 6.667e-02 6.667e-02 6.667e-02 6.667e-02 6.667e-02 6.667e-02
6.667e-02 6.667e-02 6.667e-02 6.667e-02 6.667e-02 6.667e-02 6.667e-02 6.667e-02 6.667e-02 6.667e-02 6.667e-02 6.667e-02 6.667e-02 6.667e-02 6.667e-02 6.667e-02 6.667e-02 6.667e-02 6.667e-02 6.667e-02
6.667e-02 6.667e-02 6.667e-02 6.667e-02 6.667e-02 6.667e-02 6.667e-02 6.667e-02 6.667e-02 6.667e-02 6.667e-02 6.667e-02 6.667e-02 6.667e-02 6.667e-02 6.667e-02 6.667e-02 6.667e-02 6.667e-02 6.667e-02
6.667e-02 6.667e-02 6.667e-02 6.667e-02 6.667e-02 6.667e-02 6.667e-02 6.667e-02 6.667e-02 6.667e-02 6.667e-02 6.667e-02 6.667e-02 6.667e-02 6.667e-02 6.667e-02 6.667e-02 6.667e-02 6.667e-02 6.667e-02
6.667e-02 6.667e-02 6.667e-02 6.667e-02 6.667e-02 6.667e-02 6.667e-02 6.667e-02 6.667e-02 6.667e-02 6.667e-02 6.667e-02 6.667e-02 6.667e-02 6.667e-02 6.667e-02 6.667e-02 6.667e-02 6.667e-02 6.667e-02
0.000e+00 0.000e+00 0.000e+00 0.000e+00 0.000e+00 0.000e+00 0.000e+00 0.000e+00 0.000e+00 0.000e+00 0.000e+00 0.000e+00 0.000e+00 0.000e+00 0.000e+00 1.000e+00 0.000e+00 0.000e+00 0.000e+00 0.000e+00
0.000e+00 0.000e+00 0.000e+00 0.000e+00 0.000e+00 0.000e+00 0.000e+00 0.000e+00 0.000e+00 0.000e+00 0.000e+00 0.000e+00 0.000e+00 0.000e+00 0.000e+00 0.000e+00 1.000e+00 0.000e+00 0.000e+00 0.000e+00
1.000e+00 0.000e+00 0.000e+00 0.000e+00 0.000e+00 0.000e+00 0.000e+00 0.000e+00 0.000e+00 0.000e+00 0.000e+00 0.000e+00 0.000e+00 0.000e+00 0.000e+00 0.000e+00 0.000e+00 0.000e+00 0.000e+00 0.000e+00
0.000e+00 0.000e+00 0.000e+00 0.000e+00 0.000e+00 0.000e+00 0.000e+00 0.000e+00 0.000e+00 0.000e+00 0.000e+00 0.000e+00 0.000e+00 0.000e+00 0.000e+00 0.000e+00 0.000e+00 0.000e+00 1.000e+00 0.000e+00
0.000e+00 0.000e+00 0.000e+00 0.000e+00 0.000e+00 0.000e+00 0.000e+00 0.000e+00 0.000e+00 0.000e+00 0.000e+00 0.000e+00 0.000e+00 0.000e+00 0.000e+00 0.000e+00 0.000e+00 0.000e+00 0.000e+00 1.000e+00

9.900e-01 0.000e+00 7.519e-03 2.506e-03 0.000e+00 0.000e+00 0.000e+00 0.000e+00 0.000e+00 0.000e+00 0.000e+00 0.000e+00 0.000e+00 0.000e+00 0.000e+00 0.000e+00 0.000e+00 0.000e+00 0.000e+00 0.000e+00
1.000e+00 0.000e+00 0.000e+00 0.000e+00 0.000e+00 0.000e+00 0.000e+00 0.000e+00 0.000e+00 0.000e+00 0.000e+00 0.000e+00 0.000e+00 0.000e+00 0.000e+00 0.000e+00 0.000e+00 0.000e+00 0.000e+00 0.000e+00
5.000e-01 0.000e+00 5.000e-01 0.000e+00 0.000e+00 0.000e+00 0.000e+00 0.000e+00 0.000e+00 0.000e+00 0.000e+00 0.000e+00 0.000e+00 0.000e+00 0.000e+00 0.000e+00 0.000e+00 0.000e+00 0.000e+00 0.000e+00
1.000e+00 0.000e+00 0.000e+00 0.000e+00 0.000e+00 0.000e+00 0.000e+00 0.000e+00 0.000e+00 0.000e+00 0.000e+00 0.000e+00 0.000e+00 0.000e+00 0.000e+00 0.000e+00 0.000e+00 0.000e+00 0.000e+00 0.000e+00
6.667e-02 6.667e-02 6.667e-02 6.667e-02 6.667e-02 6.667e-02 6.667e-02 6.667e-02 6.667e-02 6.667e-02 6.667e-02 6.667e-02 6.667e-02 6.667e-02 6.667e-02 6.667e-02 6.667e-02 6.667e-02 6.667e-02 6.667e-02
6.667e-02 6.667e-02 6.667e-02 6.667e-02 6.667e-02 6.667e-02 6.667e-02 6.667e-02 6.667e-02 6.667e-02 6.667e-02 6.667e-02 6.667e-02 6.667e-02 6.667e-02 6.667e-02 6.667e-02 6.667e-02 6.667e-02 6.667e-02
6.667e-02 6.667e-02 6.667e-02 6.667e-02 6.667e-02 6.667e-02 6.667e-02 6.667e-02 6.667e-02 6.667e-02 6.667e-02 6.667e-02 6.667e-02 6.667e-02 6.667e-02 6.667e-02 6.667e-02 6.667e-02 6.667e-02 6.667e-02
6.667e-02 6.667e-02 6.667e-02 6.667e-02 6.667e-02 6.667e-02 6.667e-02 6.667e-02 6.667e-02 6.667e-02 6.667e-02 6.667e-02 6.667e-02 6.667e-02 6.667e-02 6.667e-02 6.667e-02 6.667e-02 6.667e-02 6.667e-02
6.667e-02 6.667e-02 6.667e-02 6.667e-02 6.667e-02 6.667e-02 6.667e-02 6.667e-02 6.667e-02 6.667e-02 6.667e-02 6.667e-02 6.667e-02 6.667e-02 6.667e-02 6.667e-02 6.667e-02 6.667e-02 6.667e-02 6.667e-02
6.667e-02 6.667e-02 6.667e-02 6.667e-02 6.667e-02 6.667e-02 6.667e-02 6.667e-02 6.667e-02 6.667e-02 6.667e-02 6.667e-02 6.667e-02 6.667e-02 6.667e-02 6.667e-02 6.667e-02 6.667e-02 6.667e-02 6.667e-02
6.667e-02 6.667e-02 6.667e-02 6.667e-02 6.667e-02 6.667e-02 6.667e-02 6.667e-02 6.667e-02 6.667e-02 6.667e-02 6.667e-02 6.667e-02 6.667e-02 6.667e-02 6.667e-02 6.667e-02 6.667e-02 6.667e-02 6.667e-02
6.667e-02 6.667e-02 6.667e-02 6.667e-02 6.667e-02 6.667e-02 6.667e-02 6.667e-02 6.667e-02 6.667e-02 6.667e-02 6.667e-02 6.667e-02 6.667e-02 6.667e-02 6.667e-02 6.667e-02 6.667e-02 6.667e-02 6.667e-02
6.667e-02 6.667e-02 6.667e-02 6.667e-02 6.667e-02 6.667e-02 6.667e-02 6.667e-02 6.667e-02 6.667e-02 6.667e-02 6.667e-02 6.667e-02 6.667e-02 6.667e-02 6.667e-02 6.667e-02 6.667e-02 6.667e-02 6.667e-02
6.667e-02 6.667e-02 6.667e-02 6.667e-02 6.667e-02 6.667e-02 6.667e-02 6.667e-02 6.667e-02 6.667e-02 6.667e-02 6.667e-02 6.667e-02 6.667e-02 6.667e-02 6.667e-02 6.667e-02 6.667e-02 6.667e-02 6.667e-02
6.667e-02 6.667e-02 6.667e-02 6.667e-02 6.667e-02 6.667e-02 6.667e-02 6.667e-02 6.667e-02 6.667e-02 6.667e-02 6.667e-02 6.667e-02 6.667e-02 6.667e-02 6.667e-02 6.667e-02 6.667e-02 6.667e-02 6.667e-02
0.000e+00 0.000e+00 0.000e+00 0.000e+00 0.000e+00 0.000e+00 0.000e+00 0.000e+00 0.000e+00 0.000e+00 0.000e+00 0.000e+00 0.000e+00 0.000e+00 0.000e+00 1.000e+00 0.000e+00 0.000e+00 0.000e+00 0.000e+00
0.000e+00 0.000e+00 0.000e+00 0.000e+00 0.000e+00 0.000e+00 0.000e+00 0.000e+00 0.000e+00 0.000e+00 0.000e+00 0.000e+00 0.000e+00 0.000e+00 0.000e+00 0.000e+00 1.000e+00 0.000e+00 0.000e+00 0.000e+00
0.000e+00 1.000e+00 0.000e+00 0.000e+00 0.000e+00 0.000e+00 0.000e+00 0.000e+00 0.000e+00 0.000e+00 0.000e+00 0.000e+00 0.000e+00 0.000e+00 0.000e+00 0.000e+00 0.000e+00 0.000e+00 0.000e+00 0.000e+00
0.000e+00 0.000e+00 0.000e+00 0.000e+00 0.000e+00 0.000e+00 0.000e+00 0.000e+00 0.000e+00 0.000e+00 0.000e+00 0.000e+00 0.000e+00 0.000e+00 0.000e+00 0.000e+00 0.000e+00 0.000e+00 1.000e+00 0.000e+00
0.000e+00 0.000e+00 0.000e+00 0.000e+00 0.000e+00 0.000e+00 0.000e+00 0.000e+00 0.000e+00 0.000e+00 0.000e+00 0.000e+00 0.000e+00 0.000e+00 0.000e+00 0.000e+00 0.000e+00 0.000e+00 0.000e+00 1.000e+00

