9.525e-01 2.902e-02 1.055e-02 0.000e+00 0.000e+00 2.639e-03 0.000e+00 0.000e+00 2.639e-03 0.000e+00 0.000e+00 0.000e+00 0.000e+00 0.000e+00 0.000e+00 0.000e+00 0.000e+00 2.639e-03 0.000e+00 0.000e+00
5.882e-01 3.529e-01 0.000e+00 0.000e+00 0.000e+00 0.000e+00 0.000e+00 0.000e+00 0.000e+00 0.000e+00 0.000e+00 0.000e+00 0.000e+00 0.000e+00 0.000e+00 0.000e+00 5.882e-02 0.000e+00 0.000e+00 0.000e+00
6.667e-01 0.000e+00 3.333e-01 0.000e+00 0.000e+00 0.000e+00 0.000e+00 0.000e+00 0.000e+00 0.000e+00 0.000e+00 0.000e+00 0.000e+00 0.000e+00 0.000e+00 0.000e+00 0.000e+00 0.000e+00 0.000e+00 0.000e+00
0.000e+00 0.000e+00 0.000e+00 1.000e+00 0.000e+00 0.000e+00 0.000e+00 0.000e+00 0.000e+00 0.000e+00 0.000e+00 0.000e+00 0.000e+00 0.000e+00 0.000e+00 0.000e+00 0.000e+00 0.000e+00 0.000e+00 0.000e+00
1.000e+00 0.000e+00 0.000e+00 0.000e+00 0.000e+00 0.000e+00 0.000e+00 0.000e+00 0.000e+00 0.000e+00 0.000e+00 0.000e+00 0.000e+00 0.000e+00 0.000e+00 0.000e+00 0.000e+00 0.000e+00 0.000e+00 0.000e+00
1.000e+00 0.000e+00 0.000e+00 0.000e+00 0.000e+00 0.000e+00 0.000e+00 0.000e+00 0.000e+00 0.000e+00 0.000e+00 0.000e+00 0.000e+00 0.000e+00 0.000e+00 0.000e+00 0.000e+00 0.000e+00 0.000e+00 0.000e+00
0.000e+00 0.000e+00 0.000e+00 0.000e+00 0.000e+00 0.000e+00 1.000e+00 0.000e+00 0.000e+00 0.000e+00 0.000e+00 0.000e+00 0.000e+00 0.000e+00 0.000e+00 0.000e+00 0.000e+00 0.000e+00 0.000e+00 0.000e+00
1.000e+00 0.000e+00 0.000e+00 0.000e+00 0.000e+00 0.000e+00 0.000e+00 0.000e+00 0.000e+00 0.000e+00 0.000e+00 0.000e+00 0.000e+00 0.000e+00 0.000e+00 0.000e+00 0.000e+00 0.000e+00 0.000e+00 0.000e+00
0.000e+00 1.000e+00 0.000e+00 0.000e+00 0.000e+00 0.000e+00 0.000e+00 0.000e+00 0.000e+00 0.000e+00 0.000e+00 0.000e+00 0.000e+00 0.000e+00 0.000e+00 0.000e+00 0.000e+00 0.000e+00 0.000e+00 0.000e+00
6.667e-02 6.667e-02 6.667e-02 6.667e-02 6.667e-02 6.667e-02 6.667e-02 6.667e-02 6.667e-02 6.667e-02 6.667e-02 6.667e-02 6.667e-02 6.667e-02 6.667e-02 6.667e-02 6.667e-02 6.667e-02 6.667e-02 6.667e-02
6.667e-02 6.667e-02 6.667e-02 6.667e-02 6.667e-02 6.667e-02 6.667e-02 6.667e-02 6.667e-02 6.667e-02 6.667e-02 6.667e-02 6.667e-02 6.667e-02 6.667e-02 6.667e-02 6.667e-02 6.667e-02 6.667e-02 6.667e-02
6.667e-02 6.667e-02 6.667e-02 6.667e-02 6.667e-02 6.667e-02 6.667e-02 6.667e-02 6.667e-02 6.667e-02 6.667e-02 6.667e-02 6.667e-02 6.667e-02 6.667e-02 6.667e-02 6.667e-02 6.667e-02 6.667e-02 6.667e-02
6.667e-02 6.667e-02 6.667e-02 6.667e-02 6.667e-02 6.667e-02 6.667e-02 6.667e-02 6.667e-02 6.667e-02 6.667e-02 6.667e-02 6.667e-02 6.667e-02 6.667e-02 6.667e-02 6.667e-02 6.667e-02 6.667e-02 6.667e-02
6.667e-02 6.667e-02 6.667e-02 6.667e-02 6.667e-02 6.667e-02 6.667e-02 6.667e-02 6.667e-02 6.667e-02 6.667e-02 6.667e-02 6.667e-02 6.667e-02 6.667e-02 6.667e-02 6.667e-02 6.667e-02 6.667e-02 6.667e-02
6.667e-02 6.667e-02 6.667e-02 6.667e-02 6.667e-02 6.667e-02 6.667e-02 6.667e-02 6.667e-02 6.667e-02 6.667e-02 6.667e-02 6.667e-02 6.667e-02 6.667e-02 6.667e-02 6.667e-02 6.667e-02 6.667e-02 6.667e-02
0.000e+00 0.000e+00 0.000e+00 0.000e+00 0.000e+00 0.000e+00 0.000e+00 0.000e+00 0.000e+00 0.000e+00 0.000e+00 0.000e+00 0.000e+00 0.000e+00 0.000e+00 1.000e+00 0.000e+00 0.000e+00 0.000e+00 0.000e+00
0.000e+00 0.000e+00 0.000e+00 0.000e+00 0.000e+00 0.000e+00 0.000e+00 0.000e+00 0.000e+00 0.000e+00 0.000e+00 0.000e+00 0.000e+00 0.000e+00 0.000e+00 0.000e+00 1.000e+00 0.000e+00 0.000e+00 0.000e+00
0.000e+00 0.000e+00 0.000e+00 0.000e+00 0.000e+00 0.000e+00 0.000e+00 0.000e+00 0.000e+00 0.000e+00 0.000e+00 0.000e+00 0.000e+00 0.000e+00 0.000e+00 0.000e+00 0.000e+00 1.000e+00 0.000e+00 0.000e+00
0.000e+00 0.000e+00 0.000e+00 0.000e+00 0.000e+00 0.000e+00 0.000e+00 0.000e+00 0.000e+00 0.000e+00 0.000e+00 0.000e+00 0.000e+00 0.000e+00 0.000e+00 0.000e+00 0.000e+00 0.000e+00 1.000e+00 0.000e+00
0.000e+00 0.000e+00 0.000e+00 0.000e+00 0.000e+00 0.000e+00 0.000e+00 0.000e+00 0.000e+00 0.000e+00 0.000e+00 0.000e+00 0.000e+00 0.000e+00 0.000e+00 0.000e+00 0.000e+00 0.000e+00 0.000e+00 1.000e+00

9.521e-01 3.191e-02 1.064e-02 0.000e+00 0.000e+00 2.660e-03 0.000e+00 0.000e+00 2.660e-03 0.000e+00 0.000e+00 0.000e+00 0.000e+00 0.000e+00 0.000e+00 0.000e+00 0.000e+00 0.000e+00 0.000e+00 0.000e+00
7.222e-01 1.667e-01 5.556e-02 0.000e+00 5.556e-02 0.000e+00 0.000e+00 0.000e+00 0.000e+00 0.000e+00 0.000e+00 0.000e+00 0.000e+00 0.000e+00 0.000e+00 0.000e+00 0.000e+00 0.000e+00 0.000e+00 0.000e+00
1.000e+00 0.000e+00 0.000e+00 0.000e+00 0.000e+00 0.000e+00 0.000e+00 0.000e+00 0.000e+00 0.000e+00 0.000e+00 0.000e+00 0.000e+00 0.000e+00 0.000e+00 0.000e+00 0.000e+00 0.000e+00 0.000e+00 0.000e+00
5.000e-01 5.000e-01 0.000e+00 0.000e+00 0.000e+00 0.000e+00 0.000e+00 0.000e+00 0.000e+00 0.000e+00 0.000e+00 0.000e+00 0.000e+00 0.000e+00 0.000e+00 0.000e+00 0.000e+00 0.000e+00 0.000e+00 0.000e+00
6.667e-02 6.667e-02 6.667e-02 6.667e-02 6.667e-02 6.667e-02 6.667e-02 6.667e-02 6.667e-02 6.667e-02 6.667e-02 6.667e-02 6.667e-02 6.667e-02 6.667e-02 6.667e-02 6.667e-02 6.667e-02 6.667e-02 6.667e-02
1.000e+00 0.000e+00 0.000e+00 0.000e+00 0.000e+00 0.000e+00 0.000e+00 0.000e+00 0.000e+00 0.000e+00 0.000e+00 0.000e+00 0.000e+00 0.000e+00 0.000e+00 0.000e+00 0.000e+00 0.000e+00 0.000e+00 0.000e+00
1.000e+00 0.000e+00 0.000e+00 0.000e+00 0.000e+00 0.000e+00 0.000e+00 0.000e+00 0.000e+00 0.000e+00 0.000e+00 0.000e+00 0.000e+00 0.000e+00 0.000e+00 0.000e+00 0.000e+00 0.000e+00 0.000e+00 0.000e+00
6.667e-02 6.667e-02 6.667e-02 6.667e-02 6.667e-02 6.667e-02 6.667e-02 6.667e-02 6.667e-02 6.667e-02 6.667e-02 6.667e-02 6.667e-02 6.667e-02 6.667e-02 6.667e-02 6.667e-02 6.667e-02 6.667e-02 6.667e-02
1.000e+00 0.000e+00 0.000e+00 0.000e+00 0.000e+00 0.000e+00 0.000e+00 0.000e+00 0.000e+00 0.000e+00 0.000e+00 0.000e+00 0.000e+00 0.000e+00 0.000e+00 0.000e+00 0.000e+00 0.000e+00 0.000e+00 0.000e+00
6.667e-02 6.667e-02 6.667e-02 6.667e-02 6.667e-02 6.667e-02 6.667e-02 6.667e-02 6.667e-02 6.667e-02 6.667e-02 6.667e-02 6.667e-02 6.667e-02 6.667e-02 6.667e-02 6.667e-02 6.667e-02 6.667e-02 6.667e-02
6.667e-02 6.667e-02 6.667e-02 6.667e-02 6.667e-02 6.667e-02 6.667e-02 6.667e-02 6.667e-02 6.667e-02 6.667e-02 6.667e-02 6.667e-02 6.667e-02 6.667e-02 6.667e-02 6.667e-02 6.667e-02 6.667e-02 6.667e-02
6.667e-02 6.667e-02 6.667e-02 6.667e-02 6.667e-02 6.667e-02 6.667e-02 6.667e-02 6.667e-02 6.667e-02 6.667e-02 6.667e-02 6.667e-02 6.667e-02 6.667e-02 6.667e-02 6.667e-02 6.667e-02 6.667e-02 6.667e-02
6.667e-02 6.667e-02 6.667e-02 6.667e-02 6.667e-02 6.667e-02 6.667e-02 6.667e-02 6.667e-02 6.667e-02 6.667e-02 6.667e-02 6.667e-02 6.667e-02 6.667e-02 6.667e-02 6.667e-02 6.667e-02 6.667e-02 6.667e-02
6.667e-02 6.667e-02 6.667e-02 6.667e-02 6.667e-02 6.667e-02 6.667e-02 6.667e-02 6.667e-02 6.667e-02 6.667e-02 6.667e-02 6.667e-02 6.667e-02 6.667e-02 6.667e-02 6.667e-02 6.667e-02 6.667e-02 6.667e-02
6.667e-02 6.667e-02 6.667e-02 6.667e-02 6.667e-02 6.667e-02 6.667e-02 6.667e-02 6.667e-02 6.667e-02 6.667e-02 6.667e-02 6.667e-02 6.667e-02 6.667e-02 6.667e-02 6.667e-02 6.667e-02 6.667e-02 6.667e-02
0.000e+00 0.000e+00 0.000e+00 0.000e+00 0.000e+00 0.000e+00 0.000e+00 0.000e+00 0.000e+00 0.000e+00 0.000e+00 0.000e+00 0.000e+00 0.000e+00 0.000e+00 1.000e+00 0.000e+00 0.000e+00 0.000e+00 0.000e+00
1.000e+00 0.000e+00 0.000e+00 0.000e+00 0.000e+00 0.000e+00 0.000e+00 0.000e+00 0.000e+00 0.000e+00 0.000e+00 0.000e+00 0.000e+00 0.000e+00 0.000e+00 0.000e+00 0.000e+00 0.000e+00 0.000e+00 0.000e+00
0.000e+00 0.000e+00 0.000e+00 0.000e+00 0.000e+00 1.000e+00 0.000e+00 0.000e+00 0.000e+00 0.000e+00 0.000e+00 0.000e+00 0.000e+00 0.000e+00 0.000e+00 0.000e+00 0.000e+00 0.000e+00 0.000e+00 0.000e+00
0.000e+00 0.000e+00 0.000e+00 0.000e+00 0.000e+00 0.000e+00 0.000e+00 0.000e+00 0.000e+00 0.000e+00 0.000e+00 0.000e+00 0.000e+00 0.000e+00 0.000e+00 0.000e+00 0.000e+00 0.000e+00 1.000e+00 0.000e+00
0.000e+00 0.000e+00 0.000e+00 0.000e+00 0.000e+00 0.000e+00 0.000e+00 0.000e+00 0.000e+00 0.000e+00 0.000e+00 0.000e+00 0.000e+00 0.000e+00 0.000e+00 0.000e+00 0.000e+00 0.000e+00 0.000e+00 1.000e+00

9.659e-01 2.100e-02 7.874e-03 0.000e+00 0.000e+00 5.249e-03 0.000e+00 0.000e+00 0.000e+00 0.000e+00 0.000e+00 0.000e+00 0.000e+00 0.000e+00 0.000e+00 0.000e+00 0.000e+00 0.000e+00 0.000e+00 0.000e+00
6.875e-01 3.125e-01 0.000e+00 0.000e+00 0.000e+00 0.000e+00 0.000e+00 0.000e+00 0.000e+00 0.000e+00 0.000e+00 0.000e+00 0.000e+00 0.000e+00 0.000e+00 0.000e+00 0.000e+00 0.000e+00 0.000e+00 0.000e+00
8.000e-01 2.000e-01 0.000e+00 0.000e+00 0.000e+00 0.000e+00 0.000e+00 0.000e+00 0.000e+00 0.000e+00 0.000e+00 0.000e+00 0.000e+00 0.000e+00 0.000e+00 0.000e+00 0.000e+00 0.000e+00 0.000e+00 0.000e+00
6.667e-02 6.667e-02 6.667e-02 6.667e-02 6.667e-02 6.667e-02 6.667e-02 6.667e-02 6.667e-02 6.667e-02 6.667e-02 6.667e-02 6.667e-02 6.667e-02 6.667e-02 6.667e-02 6.667e-02 6.667e-02 6.667e-02 6.667e-02
1.000e+00 0.000e+00 0.000e+00 0.000e+00 0.000e+00 0.000e+00 0.000e+00 0.000e+00 0.000e+00 0.000e+00 0.000e+00 0.000e+00 0.000e+00 0.000e+00 0.000e+00 0.000e+00 0.000e+00 0.000e+00 0.000e+00 0.000e+00
5.000e-01 0.000e+00 5.000e-01 0.000e+00 0.000e+00 0.000e+00 0.000e+00 0.000e+00 0.000e+00 0.000e+00 0.000e+00 0.000e+00 0.000e+00 0.000e+00 0.000e+00 0.000e+00 0.000e+00 0.000e+00 0.000e+00 0.000e+00
6.667e-02 6.667e-02 6.667e-02 6.667e-02 6.667e-02 6.667e-02 6.667e-02 6.667e-02 6.667e-02 6.667e-02 6.667e-02 6.667e-02 6.667e-02 6.667e-02 6.667e-02 6.667e-02 6.667e-02 6.667e-02 6.667e-02 6.667e-02
6.667e-02 6.667e-02 6.667e-02 6.667e-02 6.667e-02 6.667e-02 6.667e-02 6.667e-02 6.667e-02 6.667e-02 6.667e-02 6.667e-02 6.667e-02 6.667e-02 6.667e-02 6.667e-02 6.667e-02 6.667e-02 6.667e-02 6.667e-02
1.000e+00 0.000e+00 0.000e+00 0.000e+00 0.000e+00 0.000e+00 0.000e+00 0.000e+00 0.000e+00 0.000e+00 0.000e+00 0.000e+00 0.000e+00 0.000e+00 0.000e+00 0.000e+00 0.000e+00 0.000e+00 0.000e+00 0.000e+00
6.667e-02 6.667e-02 6.667e-02 6.667e-02 6.667e-02 6.667e-02 6.667e-02 6.667e-02 6.667e-02 6.667e-02 6.667e-02 6.667e-02 6.667e-02 6.667e-02 6.667e-02 6.667e-02 6.667e-02 6.667e-02 6.667e-02 6.667e-02
6.667e-02 6.667e-02 6.667e-02 6.667e-02 6.667e-02 6.667e-02 6.667e-02 6.667e-02 6.667e-02 6.667e-02 6.667e-02 6.667e-02 6.667e-02 6.667e-02 6.667e-02 6.667e-02 6.667e-02 6.667e-02 6.667e-02 6.667e-02
6.667e-02 6.667e-02 6.667e-02 6.667e-02 6.667e-02 6.667e-02 6.667e-02 6.667e-02 6.667e-02 6.667e-02 6.667e-02 6.667e-02 6.667e-02 6.667e-02 6.667e-02 6.667e-02 6.667e-02 6.667e-02 6.667e-02 6.667e-02
6.667e-02 6.667e-02 6.667e-02 6.667e-02 6.667e-02 6.667e-02 6.667e-02 6.667e-02 6.667e-02 6.667e-02 6.667e-02 6.667e-02 6.667e-02 6.667e-02 6.667e-02 6.667e-02 6.667e-02 6.667e-02 6.667e-02 6.667e-02
6.667e-02 6.667e-02 6.667e-02 6.667e-02 6.667e-02 6.667e-02 6.667e-02 6.667e-02 6.667e-02 6.667e-02 6.667e-02 6.667e-02 6.667e-02 6.667e-02 6.667e-02 6.667e-02 6.667e-02 6.667e-02 6.667e-02 6.667e-02
6.667e-02 6.667e-02 6.667e-02 6.667e-02 6.667e-02 6.667e-02 6.667e-02 6.667e-02 6.667e-02 6.667e-02 6.667e-02 6.667e-02 6.667e-02 6.667e-02 6.667e-02 6.667e-02 6.667e-02 6.667e-02 6.667e-02 6.667e-02
0.000e+00 0.000e+00 0.000e+00 0.000e+00 0.000e+00 0.000e+00 0.000e+00 0.000e+00 0.000e+00 0.000e+00 0.000e+00 0.000e+00 0.000e+00 0.000e+00 0.000e+00 1.000e+00 0.000e+00 0.000e+00 0.000e+00 0.000e+00
0.000e+00 0.000e+00 0.000e+00 0.000e+00 0.000e+00 0.000e+00 0.000e+00 0.000e+00 0.000e+00 0.000e+00 0.000e+00 0.000e+00 0.000e+00 0.000e+00 0.000e+00 0.000e+00 1.000e+00 0.000e+00 0.000e+00 0.000e+00
0.000e+00 0.000e+00 0.000e+00 0.000e+00 0.000e+00 0.000e+00 0.000e+00 0.000e+00 0.000e+00 0.000e+00 0.000e+00 0.000e+00 0.000e+00 0.000e+00 0.000e+00 0.000e+00 0.000e+00 1.000e+00 0.000e+00 0.000e+00
0.000e+00 0.000e+00 0.000e+00 0.000e+00 0.000e+00 0.000e+00 0.000e+00 0.000e+00 0.000e+00 0.000e+00 0.000e+00 0.000e+00 0.000e+00 0.000e+00 0.000e+00 0.000e+00 0.000e+00 0.000e+00 1.000e+00 0.000e+00
0.000e+00 0.000e+00 0.000e+00 0.000e+00 0.000e+00 0.000e+00 0.000e+00 0.000e+00 0.000e+00 0.000e+00 0.000e+00 0.000e+00 0.000e+00 0.000e+00 0.000e+00 0.000e+00 0.000e+00 0.000e+00 0.000e+00 1.000e+00

9.508e-01 3.627e-02 7.772e-03 0.000e+00 0.000e+00 2.591e-03 0.000e+00 0.000e+00 0.000e+00 0.000e+00 0.000e+00 0.000e+00 0.000e+00 0.000e+00 0.000e+00 0.000e+00 0.000e+00 2.591e-03 0.000e+00 0.000e+00
7.857e-01 2.143e-01 0.000e+00 0.000e+00 0.000e+00 0.000e+00 0.000e+00 0.000e+00 0.000e+00 0.000e+00 0.000e+00 0.000e+00 0.000e+00 0.000e+00 0.000e+00 0.000e+00 0.000e+00 0.000e+00 0.000e+00 0.000e+00
7.500e-01 2.500e-01 0.000e+00 0.000e+00 0.000e+00 0.000e+00 0.000e+00 0.000e+00 0.000e+00 0.000e+00 0.000e+00 0.000e+00 0.000e+00 0.000e+00 0.000e+00 0.000e+00 0.000e+00 0.000e+00 0.000e+00 0.000e+00
6.667e-02 6.667e-02 6.667e-02 6.667e-02 6.667e-02 6.667e-02 6.667e-02 6.667e-02 6.667e-02 6.667e-02 6.667e-02 6.667e-02 6.667e-02 6.667e-02 6.667e-02 6.667e-02 6.667e-02 6.667e-02 6.667e-02 6.667e-02
6.667e-02 6.667e-02 6.667e-02 6.667e-02 6.667e-02 6.667e-02 6.667e-02 6.667e-02 6.667e-02 6.667e-02 6.667e-02 6.667e-02 6.667e-02 6.667e-02 6.667e-02 6.667e-02 6.667e-02 6.667e-02 6.667e-02 6.667e-02
5.000e-01 5.000e-01 0.000e+00 0.000e+00 0.000e+00 0.000e+00 0.000e+00 0.000e+00 0.000e+00 0.000e+00 0.000e+00 0.000e+00 0.000e+00 0.000e+00 0.000e+00 0.000e+00 0.000e+00 0.000e+00 0.000e+00 0.000e+00
6.667e-02 6.667e-02 6.667e-02 6.667e-02 6.667e-02 6.667e-02 6.667e-02 6.667e-02 6.667e-02 6.667e-02 6.667e-02 6.667e-02 6.667e-02 6.667e-02 6.667e-02 6.667e-02 6.667e-02 6.667e-02 6.667e-02 6.667e-02
6.667e-02 6.667e-02 6.667e-02 6.667e-02 6.667e-02 6.667e-02 6.667e-02 6.667e-02 6.667e-02 6.667e-02 6.667e-02 6.667e-02 6.667e-02 6.667e-02 6.667e-02 6.667e-02 6.667e-02 6.667e-02 6.667e-02 6.667e-02
6.667e-02 6.667e-02 6.667e-02 6.667e-02 6.667e-02 6.667e-02 6.667e-02 6.667e-02 6.667e-02 6.667e-02 6.667e-02 6.667e-02 6.667e-02 6.667e-02 6.667e-02 6.667e-02 6.667e-02 6.667e-02 6.667e-02 6.667e-02
6.667e-02 6.667e-02 6.667e-02 6.667e-02 6.667e-02 6.667e-02 6.667e-02 6.667e-02 6.667e-02 6.667e-02 6.667e-02 6.667e-02 6.667e-02 6.667e-02 6.667e-02 6.667e-02 6.667e-02 6.667e-02 6.667e-02 6.667e-02
6.667e-02 6.667e-02 6.667e-02 6.667e-02 6.667e-02 6.667e-02 6.667e-02 6.667e-02 6.667e-02 6.667e-02 6.667e-02 6.667e-02 6.667e-02 6.667e-02 6.667e-02 6.667e-02 6.667e-02 6.667e-02 6.667e-02 6.667e-02
6.667e-02 6.667e-02 6.667e-02 6.667e-02 6.667e-02 6.667e-02 6.667e-02 6.667e-02 6.667e-02 6.667e-02 6.667e-02 6.667e-02 6.667e-02 6.667e-02 6.667e-02 6.667e-02 6.667e-02 6.667e-02 6.667e-02 6.667e-02
6.667e-02 6.667e-02 6.667e-02 6.667e-02 6.667e-02 6.667e-02 6.667e-02 6.667e-02 6.667e-02 6.667e-02 6.667e-02 6.667e-02 6.667e-02 6.667e-02 6.667e-02 6.667e-02 6.667e-02 6.667e-02 6.667e-02 6.667e-02
6.667e-02 6.667e-02 6.667e-02 6.667e-02 6.667e-02 6.667e-02 6.667e-02 6.667e-02 6.667e-02 6.667e-02 6.667e-02 6.667e-02 6.667e-02 6.667e-02 6.667e-02 6.667e-02 6.667e-02 6.667e-02 6.667e-02 6.667e-02
6.667e-02 6.667e-02 6.667e-02 6.667e-02 6.667e-02 6.667e-02 6.667e-02 6.667e-02 6.667e-02 6.667e-02 6.667e-02 6.667e-02 6.667e-02 6.667e-02 6.667e-02 6.667e-02 6.667e-02 6.667e-02 6.667e-02 6.667e-02
0.000e+00 0.000e+00 0.000e+00 0.000e+00 0.000e+00 0.000e+00 0.000e+00 0.000e+00 0.000e+00 0.000e+00 0.000e+00 0.000e+00 0.000e+00 0.000e+00 0.000e+00 1.000e+00 0.000e+00 0.000e+00 0.000e+00 0.000e+00
0.000e+00 0.000e+00 0.000e+00 0.000e+00 0.000e+00 0.000e+00 0.000e+00 0.000e+00 0.000e+00 0.000e+00 0.000e+00 0.000e+00 0.000e+00 0.000e+00 0.000e+00 0.000e+00 1.000e+00 0.000e+00 0.000e+00 0.000e+00
0.000e+00 0.000e+00 0.000e+00 0.000e+00 0.000e+00 0.000e+00 0.000e+00 0.000e+00 0.000e+00 0.000e+00 0.000e+00 0.000e+00 0.000e+00 0.000e+00 0.000e+00 0.000e+00 0.000e+00 1.000e+00 0.000e+00 0.000e+00
0.000e+00 0.000e+00 0.000e+00 0.000e+00 0.000e+00 0.000e+00 0.000e+00 0.000e+00 0.000e+00 0.000e+00 0.000e+00 0.000e+00 0.000e+00 0.000e+00 0.000e+00 0.000e+00 0.000e+00 0.000e+00 1.000e+00 0.000e+00
0.000e+00 0.000e+00 0.000e+00 0.000e+00 0.000e+00 0.000e+00 0.000e+00 0.000e+00 0.000e+00 0.000e+00 0.000e+00 0.000e+00 0.000e+00 0.000e+00 0.000e+00 0.000e+00 0.000e+00 0.000e+00 0.000e+00 1.000e+00

9.529e-01 4.450e-02 0.000e+00 0.000e+00 0.000e+00 2.618e-03 0.000e+00 0.000e+00 0.000e+00 0.000e+00 0.000e+00 0.000e+00 0.000e+00 0.000e+00 0.000e+00 0.000e+00 0.000e+00 0.000e+00 0.000e+00 0.000e+00
8.421e-01 1.053e-01 5.263e-02 0.000e+00 0.000e+00 0.000e+00 0.000e+00 0.000e+00 0.000e+00 0.000e+00 0.000e+00 0.000e+00 0.000e+00 0.000e+00 0.000e+00 0.000e+00 0.000e+00 0.000e+00 0.000e+00 0.000e+00
1.000e+00 0.000e+00 0.000e+00 0.000e+00 0.000e+00 0.000e+00 0.000e+00 0.000e+00 0.000e+00 0.000e+00 0.000e+00 0.000e+00 0.000e+00 0.000e+00 0.000e+00 0.000e+00 0.000e+00 0.000e+00 0.000e+00 0.000e+00
6.667e-02 6.667e-02 6.667e-02 6.667e-02 6.667e-02 6.667e-02 6.667e-02 6.667e-02 6.667e-02 6.667e-02 6.667e-02 6.667e-02 6.667e-02 6.667e-02 6.667e-02 6.667e-02 6.667e-02 6.667e-02 6.667e-02 6.667e-02
6.667e-02 6.667e-02 6.667e-02 6.667e-02 6.667e-02 6.667e-02 6.667e-02 6.667e-02 6.667e-02 6.667e-02 6.667e-02 6.667e-02 6.667e-02 6.667e-02 6.667e-02 6.667e-02 6.667e-02 6.667e-02 6.667e-02 6.667e-02
1.000e+00 0.000e+00 0.000e+00 0.000e+00 0.000e+00 0.000e+00 0.000e+00 0.000e+00 0.000e+00 0.000e+00 0.000e+00 0.000e+00 0.000e+00 0.000e+00 0.000e+00 0.000e+00 0.000e+00 0.000e+00 0.000e+00 0.000e+00
6.667e-02 6.667e-02 6.667e-02 6.667e-02 6.667e-02 6.667e-02 6.667e-02 6.667e-02 6.667e-02 6.667e-02 6.667e-02 6.667e-02 6.667e-02 6.667e-02 6.667e-02 6.667e-02 6.667e-02 6.667e-02 6.667e-02 6.667e-02
6.667e-02 6.667e-02 6.667e-02 6.667e-02 6.667e-02 6.667e-02 6.667e-02 6.667e-02 6.667e-02 6.667e-02 6.667e-02 6.667e-02 6.667e-02 6.667e-02 6.667e-02 6.667e-02 6.667e-02 6.667e-02 6.667e-02 6.667e-02
6.667e-02 6.667e-02 6.667e-02 6.667e-02 6.667e-02 6.667e-02 6.667e-02 6.667e-02 6.667e-02 6.667e-02 6.667e-02 6.667e-02 6.667e-02 6.667e-02 6.667e-02 6.667e-02 6.667e-02 6.667e-02 6.667e-02 6.667e-02
6.667e-02 6.667e-02 6.667e-02 6.667e-02 6.667e-02 6.667e-02 6.667e-02 6.667e-02 6.667e-02 6.667e-02 6.667e-02 6.667e-02 6.667e-02 6.667e-02 6.667e-02 6.667e-02 6.667e-02 6.667e-02 6.667e-02 6.667e-02
6.667e-02 6.667e-02 6.667e-02 6.667e-02 6.667e-02 6.667e-02 6.667e-02 6.667e-02 6.667e-02 6.667e-02 6.667e-02 6.667e-02 6.667e-02 6.667e-02 6.667e-02 6.667e-02 6.667e-02 6.667e-02 6.667e-02 6.667e-02
6.667e-02 6.667e-02 6.667e-02 6.667e-02 6.667e-02 6.667e-02 6.667e-02 6.667e-02 6.667e-02 6.667e-02 6.667e-02 6.667e-02 6.667e-02 6.667e-02 6.667e-02 6.667e-02 6.667e-02 6.667e-02 6.667e-02 6.667e-02
6.667e-02 6.667e-02 6.667e-02 6.667e-02 6.667e-02 6.667e-02 6.667e-02 6.667e-02 6.667e-02 6.667e-02 6.667e-02 6.667e-02 6.667e-02 6.667e-02 6.667e-02 6.667e-02 6.667e-02 6.667e-02 6.667e-02 6.667e-02
6.667e-02 6.667e-02 6.667e-02 6.667e-02 6.667e-02 6.667e-02 6.667e-02 6.667e-02 6.667e-02 6.667e-02 6.667e-02 6.667e-02 6.667e-02 6.667e-02 6.667e-02 6.667e-02 6.667e-02 6.667e-02 6.667e-02 6.667e-02
6.667e-02 6.667e-02 6.667e-02 6.667e-02 6.667e-02 6.667e-02 6.667e-02 6.667e-02 6.667e-02 6.667e-02 6.667e-02 6.667e-02 6.667e-02 6.667e-02 6.667e-02 6.667e-02 6.667e-02 6.667e-02 6.667e-02 6.667e-02
0.000e+00 0.000e+00 0.000e+00 0.000e+00 0.000e+00 0.000e+00 0.000e+00 0.000e+00 0.000e+00 0.000e+00 0.000e+00 0.000e+00 0.000e+00 0.000e+00 0.000e+00 1.000e+00 0.000e+00 0.000e+00 0.000e+00 0.000e+00
0.000e+00 0.000e+00 0.000e+00 0.000e+00 0.000e+00 0.000e+00 0.000e+00 0.000e+00 0.000e+00 0.000e+00 0.000e+00 0.000e+00 0.000e+00 0.000e+00 0.000e+00 0.000e+00 1.000e+00 0.000e+00 0.000e+00 0.000e+00
1.000e+00 0.000e+00 0.000e+00 0.000e+00 0.000e+00 0.000e+00 0.000e+00 0.000e+00 0.000e+00 0.000e+00 0.000e+00 0.000e+00 0.000e+00 0.000e+00 0.000e+00 0.000e+00 0.000e+00 0.000e+00 0.000e+00 0.000e+00
0.000e+00 0.000e+00 0.000e+00 0.000e+00 0.000e+00 0.000e+00 0.000e+00 0.000e+00 0.000e+00 0.000e+00 0.000e+00 0.000e+00 0.000e+00 0.000e+00 0.000e+00 0.000e+00 0.000e+00 0.000e+00 1.000e+00 0.000e+00
0.000e+00 0.000e+00 0.000e+00 0.000e+00 0.000e+00 0.000e+00 0.000e+00 0.000e+00 0.000e+00 0.000e+00 0.000e+00 0.000e+00 0.000e+00 0.000e+00 0.000e+00 0.000e+00 0.000e+00 0.000e+00 0.000e+00 1.000e+00

9.636e-01 1.818e-02 1.039e-02 0.000e+00 0.000e+00 2.597e-03 0.000e+00 0.000e+00 2.597e-03 0.000e+00 0.000e+00 0.000e+00 2.597e-03 0.000e+00 0.000e+00 0.000e+00 0.000e+00 0.000e+00 0.000e+00 0.000e+00
8.947e-01 1.053e-01 0.000e+00 0.000e+00 0.000e+00 0.000e+00 0.000e+00 0.000e+00 0.000e+00 0.000e+00 0.000e+00 0.000e+00 0.000e+00 0.000e+00 0.000e+00 0.000e+00 0.000e+00 0.000e+00 0.000e+00 0.000e+00
1.000e+00 0.000e+00 0.000e+00 0.000e+00 0.000e+00 0.000e+00 0.000e+00 0.000e+00 0.000e+00 0.000e+00 0.000e+00 0.000e+00 0.000e+00 0.000e+00 0.000e+00 0.000e+00 0.000e+00 0.000e+00 0.000e+00 0.000e+00
6.667e-02 6.667e-02 6.667e-02 6.667e-02 6.667e-02 6.667e-02 6.667e-02 6.667e-02 6.667e-02 6.667e-02 6.667e-02 6.667e-02 6.667e-02 6.667e-02 6.667e-02 6.667e-02 6.667e-02 6.667e-02 6.667e-02 6.667e-02
6.667e-02 6.667e-02 6.667e-02 6.667e-02 6.667e-02 6.667e-02 6.667e-02 6.667e-02 6.667e-02 6.667e-02 6.667e-02 6.667e-02 6.667e-02 6.667e-02 6.667e-02 6.667e-02 6.667e-02 6.667e-02 6.667e-02 6.667e-02
1.000e+00 0.000e+00 0.000e+00 0.000e+00 0.000e+00 0.000e+00 0.000e+00 0.000e+00 0.000e+00 0.000e+00 0.000e+00 0.000e+00 0.000e+00 0.000e+00 0.000e+00 0.000e+00 0.000e+00 0.000e+00 0.000e+00 0.000e+00
6.667e-02 6.667e-02 6.667e-02 6.667e-02 6.667e-02 6.667e-02 6.667e-02 6.667e-02 6.667e-02 6.667e-02 6.667e-02 6.667e-02 6.667e-02 6.667e-02 6.667e-02 6.667e-02 6.667e-02 6.667e-02 6.667e-02 6.667e-02
6.667e-02 6.667e-02 6.667e-02 6.667e-02 6.667e-02 6.667e-02 6.667e-02 6.667e-02 6.667e-02 6.667e-02 6.667e-02 6.667e-02 6.667e-02 6.667e-02 6.667e-02 6.667e-02 6.667e-02 6.667e-02 6.667e-02 6.667e-02
6.667e-02 6.667e-02 6.667e-02 6.667e-02 6.667e-02 6.667e-02 6.667e-02 6.667e-02 6.667e-02 6.667e-02 6.667e-02 6.667e-02 6.667e-02 6.667e-02 6.667e-02 6.667e-02 6.667e-02 6.667e-02 6.667e-02 6.667e-02
6.667e-02 6.667e-02 6.667e-02 6.667e-02 6.667e-02 6.667e-02 6.667e-02 6.667e-02 6.667e-02 6.667e-02 6.667e-02 6.667e-02 6.667e-02 6.667e-02 6.667e-02 6.667e-02 6.667e-02 6.667e-02 6.667e-02 6.667e-02
6.667e-02 6.667e-02 6.667e-02 6.667e-02 6.667e-02 6.667e-02 6.667e-02 6.667e-02 6.667e-02 6.667e-02 6.667e-02 6.667e-02 6.667e-02 6.667e-02 6.667e-02 6.667e-02 6.667e-02 6.667e-02 6.667e-02 6.667e-02
6.667e-02 6.667e-02 6.667e-02 6.667e-02 6.667e-02 6.667e-02 6.667e-02 6.667e-02 6.667e-02 6.667e-02 6.667e-02 6.667e-02 6.667e-02 6.667e-02 6.667e-02 6.667e-02 6.667e-02 6.667e-02 6.667e-02 6.667e-02
6.667e-02 6.667e-02 6.667e-02 6.667e-02 6.667e-02 6.667e-02 6.667e-02 6.667e-02 6.667e-02 6.667e-02 6.667e-02 6.667e-02 6.667e-02 6.667e-02 6.667e-02 6.667e-02 6.667e-02 6.667e-02 6.667e-02 6.667e-02
6.667e-02 6.667e-02 6.667e-02 6.667e-02 6.667e-02 6.667e-02 6.667e-02 6.667e-02 6.667e-02 6.667e-02 6.667e-02 6.667e-02 6.667e-02 6.667e-02 6.667e-02 6.667e-02 6.667e-02 6.667e-02 6.667e-02 6.667e-02
6.667e-02 6.667e-02 6.667e-02 6.667e-02 6.667e-02 6.667e-02 6.667e-02 6.667e-02 6.667e-02 6.667e-02 6.667e-02 6.667e-02 6.667e-02 6.667e-02 6.667e-02 6.667e-02 6.667e-02 6.667e-02 6.667e-02 6.667e-02
0.000e+00 0.000e+00 0.000e+00 0.000e+00 0.000e+00 0.000e+00 0.000e+00 0.000e+00 0.000e+00 0.000e+00 0.000e+00 0.000e+00 0.000e+00 0.000e+00 0.000e+00 1.000e+00 0.000e+00 0.000e+00 0.000e+00 0.000e+00
0.000e+00 0.000e+00 0.000e+00 0.000e+00 0.000e+00 0.000e+00 0.000e+00 0.000e+00 0.000e+00 0.000e+00 0.000e+00 0.000e+00 0.000e+00 0.000e+00 0.000e+00 0.000e+00 1.000e+00 0.000e+00 0.000e+00 0.000e+00
0.000e+00 0.000e+00 0.000e+00 0.000e+00 0.000e+00 0.000e+00 0.000e+00 0.000e+00 0.000e+00 0.000e+00 0.000e+00 0.000e+00 0.000e+00 0.000e+00 0.000e+00 0.000e+00 0.000e+00 1.000e+00 0.000e+00 0.000e+00
0.000e+00 0.000e+00 0.000e+00 0.000e+00 0.000e+00 0.000e+00 0.000e+00 0.000e+00 0.000e+00 0.000e+00 0.000e+00 0.000e+00 0.000e+00 0.000e+00 0.000e+00 0.000e+00 0.000e+00 0.000e+00 1.000e+00 0.000e+00
0.000e+00 0.000e+00 0.000e+00 0.000e+00 0.000e+00 0.000e+00 0.000e+00 0.000e+00 0.000e+00 0.000e+00 0.000e+00 0.000e+00 0.000e+00 0.000e+00 0.000e+00 0.000e+00 0.000e+00 0.000e+00 0.000e+00 1.000e+00

9.538e-01 3.846e-02 2.564e-03 0.000e+00 0.000e+00 5.128e-03 0.000e+00 0.000e+00 0.000e+00 0.000e+00 0.000e+00 0.000e+00 0.000e+00 0.000e+00 0.000e+00 0.000e+00 0.000e+00 0.000e+00 0.000e+00 0.000e+00
6.667e-01 2.222e-01 0.000e+00 0.000e+00 0.000e+00 0.000e+00 0.000e+00 0.000e+00 1.111e-01 0.000e+00 0.000e+00 0.000e+00 0.000e+00 0.000e+00 0.000e+00 0.000e+00 0.000e+00 0.000e+00 0.000e+00 0.000e+00
1.000e+00 0.000e+00 0.000e+00 0.000e+00 0.000e+00 0.000e+00 0.000e+00 0.000e+00 0.000e+00 0.000e+00 0.000e+00 0.000e+00 0.000e+00 0.000e+00 0.000e+00 0.000e+00 0.000e+00 0.000e+00 0.000e+00 0.000e+00
6.667e-02 6.667e-02 6.667e-02 6.667e-02 6.667e-02 6.667e-02 6.667e-02 6.667e-02 6.667e-02 6.667e-02 6.667e-02 6.667e-02 6.667e-02 6.667e-02 6.667e-02 6.667e-02 6.667e-02 6.667e-02 6.667e-02 6.667e-02
6.667e-02 6.667e-02 6.667e-02 6.667e-02 6.667e-02 6.667e-02 6.667e-02 6.667e-02 6.667e-02 6.667e-02 6.667e-02 6.667e-02 6.667e-02 6.667e-02 6.667e-02 6.667e-02 6.667e-02 6.667e-02 6.667e-02 6.667e-02
1.000e+00 0.000e+00 0.000e+00 0.000e+00 0.000e+00 0.000e+00 0.000e+00 0.000e+00 0.000e+00 0.000e+00 0.000e+00 0.000e+00 0.000e+00 0.000e+00 0.000e+00 0.000e+00 0.000e+00 0.000e+00 0.000e+00 0.000e+00
6.667e-02 6.667e-02 6.667e-02 6.667e-02 6.667e-02 6.667e-02 6.667e-02 6.667e-02 6.667e-02 6.667e-02 6.667e-02 6.667e-02 6.667e-02 6.667e-02 6.667e-02 6.667e-02 6.667e-02 6.667e-02 6.667e-02 6.667e-02
6.667e-02 6.667e-02 6.667e-02 6.667e-02 6.667e-02 6.667e-02 6.667e-02 6.667e-02 6.667e-02 6.667e-02 6.667e-02 6.667e-02 6.667e-02 6.667e-02 6.667e-02 6.667e-02 6.667e-02 6.667e-02 6.667e-02 6.667e-02
1.000e+00 0.000e+00 0.000e+00 0.000e+00 0.000e+00 0.000e+00 0.000e+00 0.000e+00 0.000e+00 0.000e+00 0.000e+00 0.000e+00 0.000e+00 0.000e+00 0.000e+00 0.000e+00 0.000e+00 0.000e+00 0.000e+00 0.000e+00
6.667e-02 6.667e-02 6.667e-02 6.667e-02 6.667e-02 6.667e-02 6.667e-02 6.667e-02 6.667e-02 6.667e-02 6.667e-02 6.667e-02 6.667e-02 6.667e-02 6.667e-02 6.667e-02 6.667e-02 6.667e-02 6.667e-02 6.667e-02
6.667e-02 6.667e-02 6.667e-02 6.667e-02 6.667e-02 6.667e-02 6.667e-02 6.667e-02 6.667e-02 6.667e-02 6.667e-02 6.667e-02 6.667e-02 6.667e-02 6.667e-02 6.667e-02 6.667e-02 6.667e-02 6.667e-02 6.667e-02
6.667e-02 6.667e-02 6.667e-02 6.667e-02 6.667e-02 6.667e-02 6.667e-02 6.667e-02 6.667e-02 6.667e-02 6.667e-02 6.667e-02 6.667e-02 6.667e-02 6.667e-02 6.667e-02 6.667e-02 6.667e-02 6.667e-02 6.667e-02
1.000e+00 0.000e+00 0.000e+00 0.000e+00 0.000e+00 0.000e+00 0.000e+00 0.000e+00 0.000e+00 0.000e+00 0.000e+00 0.000e+00 0.000e+00 0.000e+00 0.000e+00 0.000e+00 0.000e+00 0.000e+00 0.000e+00 0.000e+00
6.667e-02 6.667e-02 6.667e-02 6.667e-02 6.667e-02 6.667e-02 6.667e-02 6.667e-02 6.667e-02 6.667e-02 6.667e-02 6.667e-02 6.667e-02 6.667e-02 6.667e-02 6.667e-02 6.667e-02 6.667e-02 6.667e-02 6.667e-02
6.667e-02 6.667e-02 6.667e-02 6.667e-02 6.667e-02 6.667e-02 6.667e-02 6.667e-02 6.667e-02 6.667e-02 6.667e-02 6.667e-02 6.667e-02 6.667e-02 6.667e-02 6.667e-02 6.667e-02 6.667e-02 6.667e-02 6.667e-02
0.000e+00 0.000e+00 0.000e+00 0.000e+00 0.000e+00 0.000e+00 0.000e+00 0.000e+00 0.000e+00 0.000e+00 0.000e+00 0.000e+00 0.000e+00 0.000e+00 0.000e+00 1.000e+00 0.000e+00 0.000e+00 0.000e+00 0.000e+00
0.000e+00 0.000e+00 0.000e+00 0.000e+00 0.000e+00 0.000e+00 0.000e+00 0.000e+00 0.000e+00 0.000e+00 0.000e+00 0.000e+00 0.000e+00 0.000e+00 0.000e+00 0.000e+00 1.000e+00 0.000e+00 0.000e+00 0.000e+00
0.000e+00 0.000e+00 0.000e+00 0.000e+00 0.000e+00 0.000e+00 0.000e+00 0.000e+00 0.000e+00 0.000e+00 0.000e+00 0.000e+00 0.000e+00 0.000e+00 0.000e+00 0.000e+00 0.000e+00 1.000e+00 0.000e+00 0.000e+00
0.000e+00 0.000e+00 0.000e+00 0.000e+00 0.000e+00 0.000e+00 0.000e+00 0.000e+00 0.000e+00 0.000e+00 0.000e+00 0.000e+00 0.000e+00 0.000e+00 0.000e+00 0.000e+00 0.000e+00 0.000e+00 1.000e+00 0.000e+00
0.000e+00 0.000e+00 0.000e+00 0.000e+00 0.000e+00 0.000e+00 0.000e+00 0.000e+00 0.000e+00 0.000e+00 0.000e+00 0.000e+00 0.000e+00 0.000e+00 0.000e+00 0.000e+00 0.000e+00 0.000e+00 0.000e+00 1.000e+00

9.377e-01 4.675e-02 7.792e-03 0.000e+00 0.000e+00 5.195e-03 0.000e+00 0.000e+00 2.597e-03 0.000e+00 0.000e+00 0.000e+00 0.000e+00 0.000e+00 0.000e+00 0.000e+00 0.000e+00 0.000e+00 0.000e+00 0.000e+00
8.824e-01 1.176e-01 0.000e+00 0.000e+00 0.000e+00 0.000e+00 0.000e+00 0.000e+00 0.000e+00 0.000e+00 0.000e+00 0.000e+00 0.000e+00 0.000e+00 0.000e+00 0.000e+00 0.000e+00 0.000e+00 0.000e+00 0.000e+00
1.000e+00 0.000e+00 0.000e+00 0.000e+00 0.000e+00 0.000e+00 0.000e+00 0.000e+00 0.000e+00 0.000e+00 0.000e+00 0.000e+00 0.000e+00 0.000e+00 0.000e+00 0.000e+00 0.000e+00 0.000e+00 0.000e+00 0.000e+00
6.667e-02 6.667e-02 6.667e-02 6.667e-02 6.667e-02 6.667e-02 6.667e-02 6.667e-02 6.667e-02 6.667e-02 6.667e-02 6.667e-02 6.667e-02 6.667e-02 6.667e-02 6.667e-02 6.667e-02 6.667e-02 6.667e-02 6.667e-02
6.667e-02 6.667e-02 6.667e-02 6.667e-02 6.667e-02 6.667e-02 6.667e-02 6.667e-02 6.667e-02 6.667e-02 6.667e-02 6.667e-02 6.667e-02 6.667e-02 6.667e-02 6.667e-02 6.667e-02 6.667e-02 6.667e-02 6.667e-02
5.000e-01 0.000e+00 0.000e+00 0.000e+00 0.000e+00 0.000e+00 0.000e+00 0.000e+00 5.000e-01 0.000e+00 0.000e+00 0.000e+00 0.000e+00 0.000e+00 0.000e+00 0.000e+00 0.000e+00 0.000e+00 0.000e+00 0.000e+00
6.667e-02 6.667e-02 6.667e-02 6.667e-02 6.667e-02 6.667e-02 6.667e-02 6.667e-02 6.667e-02 6.667e-02 6.667e-02 6.667e-02 6.667e-02 6.667e-02 6.667e-02 6.667e-02 6.667e-02 6.667e-02 6.667e-02 6.667e-02
6.667e-02 6.667e-02 6.667e-02 6.667e-02 6.667e-02 6.667e-02 6.667e-02 6.667e-02 6.667e-02 6.667e-02 6.667e-02 6.667e-02 6.667e-02 6.667e-02 6.667e-02 6.667e-02 6.667e-02 6.667e-02 6.667e-02 6.667e-02
1.000e+00 0.000e+00 0.000e+00 0.000e+00 0.000e+00 0.000e+00 0.000e+00 0.000e+00 0.000e+00 0.000e+00 0.000e+00 0.000e+00 0.000e+00 0.000e+00 0.000e+00 0.000e+00 0.000e+00 0.000e+00 0.000e+00 0.000e+00
6.667e-02 6.667e-02 6.667e-02 6.667e-02 6.667e-02 6.667e-02 6.667e-02 6.667e-02 6.667e-02 6.667e-02 6.667e-02 6.667e-02 6.667e-02 6.667e-02 6.667e-02 6.667e-02 6.667e-02 6.667e-02 6.667e-02 6.667e-02
6.667e-02 6.667e-02 6.667e-02 6.667e-02 6.667e-02 6.667e-02 6.667e-02 6.667e-02 6.667e-02 6.667e-02 6.667e-02 6.667e-02 6.667e-02 6.667e-02 6.667e-02 6.667e-02 6.667e-02 6.667e-02 6.667e-02 6.667e-02
6.667e-02 6.667e-02 6.667e-02 6.667e-02 6.667e-02 6.667e-02 6.667e-02 6.667e-02 6.667e-02 6.667e-02 6.667e-02 6.667e-02 6.667e-02 6.667e-02 6.667e-02 6.667e-02 6.667e-02 6.667e-02 6.667e-02 6.667e-02
6.667e-02 6.667e-02 6.667e-02 6.667e-02 6.667e-02 6.667e-02 6.667e-02 6.667e-02 6.667e-02 6.667e-02 6.667e-02 6.667e-02 6.667e-02 6.667e-02 6.667e-02 6.667e-02 6.667e-02 6.667e-02 6.667e-02 6.667e-02
6.667e-02 6.667e-02 6.667e-02 6.667e-02 6.667e-02 6.667e-02 6.667e-02 6.667e-02 6.667e-02 6.667e-02 6.667e-02 6.667e-02 6.667e-02 6.667e-02 6.667e-02 6.667e-02 6.667e-02 6.667e-02 6.667e-02 6.667e-02
6.667e-02 6.667e-02 6.667e-02 6.667e-02 6.667e-02 6.667e-02 6.667e-02 6.667e-02 6.667e-02 6.667e-02 6.667e-02 6.667e-02 6.667e-02 6.667e-02 6.667e-02 6.667e-02 6.667e-02 6.667e-02 6.667e-02 6.667e-02
0.000e+00 0.000e+00 0.000e+00 0.000e+00 0.000e+00 0.000e+00 0.000e+00 0.000e+00 0.000e+00 0.000e+00 0.000e+00 0.000e+00 0.000e+00 0.000e+00 0.000e+00 1.000e+00 0.000e+00 0.000e+00 0.000e+00 0.000e+00
0.000e+00 0.000e+00 0.000e+00 0.000e+00 0.000e+00 0.000e+00 0.000e+00 0.000e+00 0.000e+00 0.000e+00 0.000e+00 0.000e+00 0.000e+00 0.000e+00 0.000e+00 0.000e+00 1.000e+00 0.000e+00 0.000e+00 0.000e+00
0.000e+00 0.000e+00 0.000e+00 0.000e+00 0.000e+00 0.000e+00 0.000e+00 0.000e+00 0.000e+00 0.000e+00 0.000e+00 0.000e+00 0.000e+00 0.000e+00 0.000e+00 0.000e+00 0.000e+00 1.000e+00 0.000e+00 0.000e+00
0.000e+00 0.000e+00 0.000e+00 0.000e+00 0.000e+00 0.000e+00 0.000e+00 0.000e+00 0.000e+00 0.000e+00 0.000e+00 0.000e+00 0.000e+00 0.000e+00 0.000e+00 0.000e+00 0.000e+00 0.000e+00 1.000e+00 0.000e+00
0.000e+00 0.000e+00 0.000e+00 0.000e+00 0.000e+00 0.000e+00 0.000e+00 0.000e+00 0.000e+00 0.000e+00 0.000e+00 0.000e+00 0.000e+00 0.000e+00 0.000e+00 0.000e+00 0.000e+00 0.000e+00 0.000e+00 1.000e+00

9.604e-01 3.430e-02 2.639e-03 0.000e+00 0.000e+00 0.000e+00 0.000e+00 0.000e+00 0.000e+00 0.000e+00 0.000e+00 0.000e+00 0.000e+00 0.000e+00 0.000e+00 0.000e+00 0.000e+00 2.639e-03 0.000e+00 0.000e+00
9.500e-01 5.000e-02 0.000e+00 0.000e+00 0.000e+00 0.000e+00 0.000e+00 0.000e+00 0.000e+00 0.000e+00 0.000e+00 0.000e+00 0.000e+00 0.000e+00 0.000e+00 0.000e+00 0.000e+00 0.000e+00 0.000e+00 0.000e+00
3.333e-01 0.000e+00 6.667e-01 0.000e+00 0.000e+00 0.000e+00 0.000e+00 0.000e+00 0.000e+00 0.000e+00 0.000e+00 0.000e+00 0.000e+00 0.000e+00 0.000e+00 0.000e+00 0.000e+00 0.000e+00 0.000e+00 0.000e+00
6.667e-02 6.667e-02 6.667e-02 6.667e-02 6.667e-02 6.667e-02 6.667e-02 6.667e-02 6.667e-02 6.667e-02 6.667e-02 6.667e-02 6.667e-02 6.667e-02 6.667e-02 6.667e-02 6.667e-02 6.667e-02 6.667e-02 6.667e-02
6.667e-02 6.667e-02 6.667e-02 6.667e-02 6.667e-02 6.667e-02 6.667e-02 6.667e-02 6.667e-02 6.667e-02 6.667e-02 6.667e-02 6.667e-02 6.667e-02 6.667e-02 6.667e-02 6.667e-02 6.667e-02 6.667e-02 6.667e-02
1.000e+00 0.000e+00 0.000e+00 0.000e+00 0.000e+00 0.000e+00 0.000e+00 0.000e+00 0.000e+00 0.000e+00 0.000e+00 0.000e+00 0.000e+00 0.000e+00 0.000e+00 0.000e+00 0.000e+00 0.000e+00 0.000e+00 0.000e+00
6.667e-02 6.667e-02 6.667e-02 6.667e-02 6.667e-02 6.667e-02 6.667e-02 6.667e-02 6.667e-02 6.667e-02 6.667e-02 6.667e-02 6.667e-02 6.667e-02 6.667e-02 6.667e-02 6.667e-02 6.667e-02 6.667e-02 6.667e-02
6.667e-02 6.667e-02 6.667e-02 6.667e-02 6.667e-02 6.667e-02 6.667e-02 6.667e-02 6.667e-02 6.667e-02 6.667e-02 6.667e-02 6.667e-02 6.667e-02 6.667e-02 6.667e-02 6.667e-02 6.667e-02 6.667e-02 6.667e-02
5.000e-01 5.000e-01 0.000e+00 0.000e+00 0.000e+00 0.000e+00 0.000e+00 0.000e+00 0.000e+00 0.000e+00 0.000e+00 0.000e+00 0.000e+00 0.000e+00 0.000e+00 0.000e+00 0.000e+00 0.000e+00 0.000e+00 0.000e+00
6.667e-02 6.667e-02 6.667e-02 6.667e-02 6.667e-02 6.667e-02 6.667e-02 6.667e-02 6.667e-02 6.667e-02 6.667e-02 6.667e-02 6.667e-02 6.667e-02 6.667e-02 6.667e-02 6.667e-02 6.667e-02 6.667e-02 6.667e-02
6.667e-02 6.667e-02 6.667e-02 6.667e-02 6.667e-02 6.667e-02 6.667e-02 6.667e-02 6.667e-02 6.667e-02 6.667e-02 6.667e-02 6.667e-02 6.667e-02 6.667e-02 6.667e-02 6.667e-02 6.667e-02 6.667e-02 6.667e-02
6.667e-02 6.667e-02 6.667e-02 6.667e-02 6.667e-02 6.667e-02 6.667e-02 6.667e-02 6.667e-02 6.667e-02 6.667e-02 6.667e-02 6.667e-02 6.667e-02 6.667e-02 6.667e-02 6.667e-02 6.667e-02 6.667e-02 6.667e-02
6.667e-02 6.667e-02 6.667e-02 6.667e-02 6.667e-02 6.667e-02 6.667e-02 6.667e-02 6.667e-02 6.667e-02 6.667e-02 6.667e-02 6.667e-02 6.667e-02 6.667e-02 6.667e-02 6.667e-02 6.667e-02 6.667e-02 6.667e-02
6.667e-02 6.667e-02 6.667e-02 6.667e-02 6.667e-02 6.667e-02 6.667e-02 6.667e-02 6.667e-02 6.667e-02 6.667e-02 6.667e-02 6.667e-02 6.667e-02 6.667e-02 6.667e-02 6.667e-02 6.667e-02 6.667e-02 6.667e-02
6.667e-02 6.667e-02 6.667e-02 6.667e-02 6.667e-02 6.667e-02 6.667e-02 6.667e-02 6.667e-02 6.667e-02 6.667e-02 6.667e-02 6.667e-02 6.667e-02 6.667e-02 6.667e-02 6.667e-02 6.667e-02 6.667e-02 6.667e-02
0.000e+00 0.000e+00 0.000e+00 0.000e+00 0.000e+00 0.000e+00 0.000e+00 0.000e+00 0.000e+00 0.000e+00 0.000e+00 0.000e+00 0.000e+00 0.000e+00 0.000e+00 1.000e+00 0.000e+00 0.000e+00 0.000e+00 0.000e+00
0.000e+00 0.000e+00 0.000e+00 0.000e+00 0.000e+00 0.000e+00 0.000e+00 0.000e+00 0.000e+00 0.000e+00 0.000e+00 0.000e+00 0.000e+00 0.000e+00 0.000e+00 0.000e+00 1.000e+00 0.000e+00 0.000e+00 0.000e+00
0.000e+00 0.000e+00 0.000e+00 0.000e+00 0.000e+00 0.000e+00 0.000e+00 0.000e+00 0.000e+00 0.000e+00 0.000e+00 0.000e+00 0.000e+00 0.000e+00 0.000e+00 0.000e+00 0.000e+00 1.000e+00 0.000e+00 0.000e+00
0.000e+00 0.000e+00 0.000e+00 0.000e+00 0.000e+00 0.000e+00 0.000e+00 0.000e+00 0.000e+00 0.000e+00 0.000e+00 0.000e+00 0.000e+00 0.000e+00 0.000e+00 0.000e+00 0.000e+00 0.000e+00 1.000e+00 0.000e+00
0.000e+00 0.000e+00 0.000e+00 0.000e+00 0.000e+00 0.000e+00 0.000e+00 0.000e+00 0.000e+00 0.000e+00 0.000e+00 0.000e+00 0.000e+00 0.000e+00 0.000e+00 0.000e+00 0.000e+00 0.000e+00 0.000e+00 1.000e+00

9.483e-01 4.134e-02 2.584e-03 0.000e+00 0.000e+00 2.584e-03 0.000e+00 0.000e+00 2.584e-03 0.000e+00 0.000e+00 0.000e+00 0.000e+00 0.000e+00 0.000e+00 0.000e+00 0.000e+00 0.000e+00 0.000e+00 2.584e-03
7.333e-01 2.667e-01 0.000e+00 0.000e+00 0.000e+00 0.000e+00 0.000e+00 0.000e+00 0.000e+00 0.000e+00 0.000e+00 0.000e+00 0.000e+00 0.000e+00 0.000e+00 0.000e+00 0.000e+00 0.000e+00 0.000e+00 0.000e+00
1.000e+00 0.000e+00 0.000e+00 0.000e+00 0.000e+00 0.000e+00 0.000e+00 0.000e+00 0.000e+00 0.000e+00 0.000e+00 0.000e+00 0.000e+00 0.000e+00 0.000e+00 0.000e+00 0.000e+00 0.000e+00 0.000e+00 0.000e+00
6.667e-02 6.667e-02 6.667e-02 6.667e-02 6.667e-02 6.667e-02 6.667e-02 6.667e-02 6.667e-02 6.667e-02 6.667e-02 6.667e-02 6.667e-02 6.667e-02 6.667e-02 6.667e-02 6.667e-02 6.667e-02 6.667e-02 6.667e-02
6.667e-02 6.667e-02 6.667e-02 6.667e-02 6.667e-02 6.667e-02 6.667e-02 6.667e-02 6.667e-02 6.667e-02 6.667e-02 6.667e-02 6.667e-02 6.667e-02 6.667e-02 6.667e-02 6.667e-02 6.667e-02 6.667e-02 6.667e-02
6.667e-02 6.667e-02 6.667e-02 6.667e-02 6.667e-02 6.667e-02 6.667e-02 6.667e-02 6.667e-02 6.667e-02 6.667e-02 6.667e-02 6.667e-02 6.667e-02 6.667e-02 6.667e-02 6.667e-02 6.667e-02 6.667e-02 6.667e-02
6.667e-02 6.667e-02 6.667e-02 6.667e-02 6.667e-02 6.667e-02 6.667e-02 6.667e-02 6.667e-02 6.667e-02 6.667e-02 6.667e-02 6.667e-02 6.667e-02 6.667e-02 6.667e-02 6.667e-02 6.667e-02 6.667e-02 6.667e-02
6.667e-02 6.667e-02 6.667e-02 6.667e-02 6.667e-02 6.667e-02 6.667e-02 6.667e-02 6.667e-02 6.667e-02 6.667e-02 6.667e-02 6.667e-02 6.667e-02 6.667e-02 6.667e-02 6.667e-02 6.667e-02 6.667e-02 6.667e-02
6.667e-02 6.667e-02 6.667e-02 6.667e-02 6.667e-02 6.667e-02 6.667e-02 6.667e-02 6.667e-02 6.667e-02 6.667e-02 6.667e-02 6.667e-02 6.667e-02 6.667e-02 6.667e-02 6.667e-02 6.667e-02 6.667e-02 6.667e-02
6.667e-02 6.667e-02 6.667e-02 6.667e-02 6.667e-02 6.667e-02 6.667e-02 6.667e-02 6.667e-02 6.667e-02 6.667e-02 6.667e-02 6.667e-02 6.667e-02 6.667e-02 6.667e-02 6.667e-02 6.667e-02 6.667e-02 6.667e-02
6.667e-02 6.667e-02 6.667e-02 6.667e-02 6.667e-02 6.667e-02 6.667e-02 6.667e-02 6.667e-02 6.667e-02 6.667e-02 6.667e-02 6.667e-02 6.667e-02 6.667e-02 6.667e-02 6.667e-02 6.667e-02 6.667e-02 6.667e-02
6.667e-02 6.667e-02 6.667e-02 6.667e-02 6.667e-02 6.667e-02 6.667e-02 6.667e-02 6.667e-02 6.667e-02 6.667e-02 6.667e-02 6.667e-02 6.667e-02 6.667e-02 6.667e-02 6.667e-02 6.667e-02 6.667e-02 6.667e-02
6.667e-02 6.667e-02 6.667e-02 6.667e-02 6.667e-02 6.667e-02 6.667e-02 6.667e-02 6.667e-02 6.667e-02 6.667e-02 6.667e-02 6.667e-02 6.667e-02 6.667e-02 6.667e-02 6.667e-02 6.667e-02 6.667e-02 6.667e-02
6.667e-02 6.667e-02 6.667e-02 6.667e-02 6.667e-02 6.667e-02 6.667e-02 6.667e-02 6.667e-02 6.667e-02 6.667e-02 6.667e-02 6.667e-02 6.667e-02 6.667e-02 6.667e-02 6.667e-02 6.667e-02 6.667e-02 6.667e-02
6.667e-02 6.667e-02 6.667e-02 6.667e-02 6.667e-02 6.667e-02 6.667e-02 6.667e-02 6.667e-02 6.667e-02 6.667e-02 6.667e-02 6.667e-02 6.667e-02 6.667e-02 6.667e-02 6.667e-02 6.667e-02 6.667e-02 6.667e-02
0.000e+00 0.000e+00 0.000e+00 0.000e+00 0.000e+00 0.000e+00 0.000e+00 0.000e+00 0.000e+00 0.000e+00 0.000e+00 0.000e+00 0.000e+00 0.000e+00 0.000e+00 1.000e+00 0.000e+00 0.000e+00 0.000e+00 0.000e+00
0.000e+00 0.000e+00 0.000e+00 0.000e+00 0.000e+00 0.000e+00 0.000e+00 0.000e+00 0.000e+00 0.000e+00 0.000e+00 0.000e+00 0.000e+00 0.000e+00 0.000e+00 0.000e+00 1.000e+00 0.000e+00 0.000e+00 0.000e+00
1.000e+00 0.000e+00 0.000e+00 0.000e+00 0.000e+00 0.000e+00 0.000e+00 0.000e+00 0.000e+00 0.000e+00 0.000e+00 0.000e+00 0.000e+00 0.000e+00 0.000e+00 0.000e+00 0.000e+00 0.000e+00 0.000e+00 0.000e+00
0.000e+00 0.000e+00 0.000e+00 0.000e+00 0.000e+00 0.000e+00 0.000e+00 0.000e+00 0.000e+00 0.000e+00 0.000e+00 0.000e+00 0.000e+00 0.000e+00 0.000e+00 0.000e+00 0.000e+00 0.000e+00 1.000e+00 0.000e+00
0.000e+00 0.000e+00 0.000e+00 0.000e+00 0.000e+00 0.000e+00 0.000e+00 0.000e+00 0.000e+00 0.000e+00 0.000e+00 0.000e+00 0.000e+00 0.000e+00 0.000e+00 0.000e+00 0.000e+00 0.000e+00 0.000e+00 1.000e+00

9.555e-01 3.927e-02 5.236e-03 0.000e+00 0.000e+00 0.000e+00 0.000e+00 0.000e+00 0.000e+00 0.000e+00 0.000e+00 0.000e+00 0.000e+00 0.000e+00 0.000e+00 0.000e+00 0.000e+00 0.000e+00 0.000e+00 0.000e+00
8.500e-01 1.500e-01 0.000e+00 0.000e+00 0.000e+00 0.000e+00 0.000e+00 0.000e+00 0.000e+00 0.000e+00 0.000e+00 0.000e+00 0.000e+00 0.000e+00 0.000e+00 0.000e+00 0.000e+00 0.000e+00 0.000e+00 0.000e+00
1.000e+00 0.000e+00 0.000e+00 0.000e+00 0.000e+00 0.000e+00 0.000e+00 0.000e+00 0.000e+00 0.000e+00 0.000e+00 0.000e+00 0.000e+00 0.000e+00 0.000e+00 0.000e+00 0.000e+00 0.000e+00 0.000e+00 0.000e+00
6.667e-02 6.667e-02 6.667e-02 6.667e-02 6.667e-02 6.667e-02 6.667e-02 6.667e-02 6.667e-02 6.667e-02 6.667e-02 6.667e-02 6.667e-02 6.667e-02 6.667e-02 6.667e-02 6.667e-02 6.667e-02 6.667e-02 6.667e-02
6.667e-02 6.667e-02 6.667e-02 6.667e-02 6.667e-02 6.667e-02 6.667e-02 6.667e-02 6.667e-02 6.667e-02 6.667e-02 6.667e-02 6.667e-02 6.667e-02 6.667e-02 6.667e-02 6.667e-02 6.667e-02 6.667e-02 6.667e-02
1.000e+00 0.000e+00 0.000e+00 0.000e+00 0.000e+00 0.000e+00 0.000e+00 0.000e+00 0.000e+00 0.000e+00 0.000e+00 0.000e+00 0.000e+00 0.000e+00 0.000e+00 0.000e+00 0.000e+00 0.000e+00 0.000e+00 0.000e+00
6.667e-02 6.667e-02 6.667e-02 6.667e-02 6.667e-02 6.667e-02 6.667e-02 6.667e-02 6.667e-02 6.667e-02 6.667e-02 6.667e-02 6.667e-02 6.667e-02 6.667e-02 6.667e-02 6.667e-02 6.667e-02 6.667e-02 6.667e-02
6.667e-02 6.667e-02 6.667e-02 6.667e-02 6.667e-02 6.667e-02 6.667e-02 6.667e-02 6.667e-02 6.667e-02 6.667e-02 6.667e-02 6.667e-02 6.667e-02 6.667e-02 6.667e-02 6.667e-02 6.667e-02 6.667e-02 6.667e-02
0.000e+00 1.000e+00 0.000e+00 0.000e+00 0.000e+00 0.000e+00 0.000e+00 0.000e+00 0.000e+00 0.000e+00 0.000e+00 0.000e+00 0.000e+00 0.000e+00 0.000e+00 0.000e+00 0.000e+00 0.000e+00 0.000e+00 0.000e+00
6.667e-02 6.667e-02 6.667e-02 6.667e-02 6.667e-02 6.667e-02 6.667e-02 6.667e-02 6.667e-02 6.667e-02 6.667e-02 6.667e-02 6.667e-02 6.667e-02 6.667e-02 6.667e-02 6.667e-02 6.667e-02 6.667e-02 6.667e-02
6.667e-02 6.667e-02 6.667e-02 6.667e-02 6.667e-02 6.667e-02 6.667e-02 6.667e-02 6.667e-02 6.667e-02 6.667e-02 6.667e-02 6.667e-02 6.667e-02 6.667e-02 6.667e-02 6.667e-02 6.667e-02 6.667e-02 6.667e-02
6.667e-02 6.667e-02 6.667e-02 6.667e-02 6.667e-02 6.667e-02 6.667e-02 6.667e-02 6.667e-02 6.667e-02 6.667e-02 6.667e-02 6.667e-02 6.667e-02 6.667e-02 6.667e-02 6.667e-02 6.667e-02 6.667e-02 6.667e-02
6.667e-02 6.667e-02 6.667e-02 6.667e-02 6.667e-02 6.667e-02 6.667e-02 6.667e-02 6.667e-02 6.667e-02 6.667e-02 6.667e-02 6.667e-02 6.667e-02 6.667e-02 6.667e-02 6.667e-02 6.667e-02 6.667e-02 6.667e-02
6.667e-02 6.667e-02 6.667e-02 6.667e-02 6.667e-02 6.667e-02 6.667e-02 6.667e-02 6.667e-02 6.667e-02 6.667e-02 6.667e-02 6.667e-02 6.667e-02 6.667e-02 6.667e-02 6.667e-02 6.667e-02 6.667e-02 6.667e-02
6.667e-02 6.667e-02 6.667e-02 6.667e-02 6.667e-02 6.667e-02 6.667e-02 6.667e-02 6.667e-02 6.667e-02 6.667e-02 6.667e-02 6.667e-02 6.667e-02 6.667e-02 6.667e-02 6.667e-02 6.667e-02 6.667e-02 6.667e-02
0.000e+00 0.000e+00 0.000e+00 0.000e+00 0.000e+00 0.000e+00 0.000e+00 0.000e+00 0.000e+00 0.000e+00 0.000e+00 0.000e+00 0.000e+00 0.000e+00 0.000e+00 1.000e+00 0.000e+00 0.000e+00 0.000e+00 0.000e+00
0.000e+00 0.000e+00 0.000e+00 0.000e+00 0.000e+00 0.000e+00 0.000e+00 0.000e+00 0.000e+00 0.000e+00 0.000e+00 0.000e+00 0.000e+00 0.000e+00 0.000e+00 0.000e+00 1.000e+00 0.000e+00 0.000e+00 0.000e+00
0.000e+00 0.000e+00 0.000e+00 0.000e+00 0.000e+00 0.000e+00 0.000e+00 0.000e+00 0.000e+00 0.000e+00 0.000e+00 0.000e+00 0.000e+00 0.000e+00 0.000e+00 0.000e+00 0.000e+00 1.000e+00 0.000e+00 0.000e+00
0.000e+00 0.000e+00 0.000e+00 0.000e+00 0.000e+00 0.000e+00 0.000e+00 0.000e+00 0.000e+00 0.000e+00 0.000e+00 0.000e+00 0.000e+00 0.000e+00 0.000e+00 0.000e+00 0.000e+00 0.000e+00 1.000e+00 0.000e+00
1.000e+00 0.000e+00 0.000e+00 0.000e+00 0.000e+00 0.000e+00 0.000e+00 0.000e+00 0.000e+00 0.000e+00 0.000e+00 0.000e+00 0.000e+00 0.000e+00 0.000e+00 0.000e+00 0.000e+00 0.000e+00 0.000e+00 0.000e+00

9.792e-01 1.299e-02 5.195e-03 0.000e+00 0.000e+00 2.597e-03 0.000e+00 0.000e+00 0.000e+00 0.000e+00 0.000e+00 0.000e+00 0.000e+00 0.000e+00 0.000e+00 0.000e+00 0.000e+00 0.000e+00 0.000e+00 0.000e+00
8.421e-01 1.579e-01 0.000e+00 0.000e+00 0.000e+00 0.000e+00 0.000e+00 0.000e+00 0.000e+00 0.000e+00 0.000e+00 0.000e+00 0.000e+00 0.000e+00 0.000e+00 0.000e+00 0.000e+00 0.000e+00 0.000e+00 0.000e+00
1.000e+00 0.000e+00 0.000e+00 0.000e+00 0.000e+00 0.000e+00 0.000e+00 0.000e+00 0.000e+00 0.000e+00 0.000e+00 0.000e+00 0.000e+00 0.000e+00 0.000e+00 0.000e+00 0.000e+00 0.000e+00 0.000e+00 0.000e+00
6.667e-02 6.667e-02 6.667e-02 6.667e-02 6.667e-02 6.667e-02 6.667e-02 6.667e-02 6.667e-02 6.667e-02 6.667e-02 6.667e-02 6.667e-02 6.667e-02 6.667e-02 6.667e-02 6.667e-02 6.667e-02 6.667e-02 6.667e-02
6.667e-02 6.667e-02 6.667e-02 6.667e-02 6.667e-02 6.667e-02 6.667e-02 6.667e-02 6.667e-02 6.667e-02 6.667e-02 6.667e-02 6.667e-02 6.667e-02 6.667e-02 6.667e-02 6.667e-02 6.667e-02 6.667e-02 6.667e-02
6.667e-02 6.667e-02 6.667e-02 6.667e-02 6.667e-02 6.667e-02 6.667e-02 6.667e-02 6.667e-02 6.667e-02 6.667e-02 6.667e-02 6.667e-02 6.667e-02 6.667e-02 6.667e-02 6.667e-02 6.667e-02 6.667e-02 6.667e-02
6.667e-02 6.667e-02 6.667e-02 6.667e-02 6.667e-02 6.667e-02 6.667e-02 6.667e-02 6.667e-02 6.667e-02 6.667e-02 6.667e-02 6.667e-02 6.667e-02 6.667e-02 6.667e-02 6.667e-02 6.667e-02 6.667e-02 6.667e-02
6.667e-02 6.667e-02 6.667e-02 6.667e-02 6.667e-02 6.667e-02 6.667e-02 6.667e-02 6.667e-02 6.667e-02 6.667e-02 6.667e-02 6.667e-02 6.667e-02 6.667e-02 6.667e-02 6.667e-02 6.667e-02 6.667e-02 6.667e-02
6.667e-02 6.667e-02 6.667e-02 6.667e-02 6.667e-02 6.667e-02 6.667e-02 6.667e-02 6.667e-02 6.667e-02 6.667e-02 6.667e-02 6.667e-02 6.667e-02 6.667e-02 6.667e-02 6.667e-02 6.667e-02 6.667e-02 6.667e-02
6.667e-02 6.667e-02 6.667e-02 6.667e-02 6.667e-02 6.667e-02 6.667e-02 6.667e-02 6.667e-02 6.667e-02 6.667e-02 6.667e-02 6.667e-02 6.667e-02 6.667e-02 6.667e-02 6.667e-02 6.667e-02 6.667e-02 6.667e-02
6.667e-02 6.667e-02 6.667e-02 6.667e-02 6.667e-02 6.667e-02 6.667e-02 6.667e-02 6.667e-02 6.667e-02 6.667e-02 6.667e-02 6.667e-02 6.667e-02 6.667e-02 6.667e-02 6.667e-02 6.667e-02 6.667e-02 6.667e-02
6.667e-02 6.667e-02 6.667e-02 6.667e-02 6.667e-02 6.667e-02 6.667e-02 6.667e-02 6.667e-02 6.667e-02 6.667e-02 6.667e-02 6.667e-02 6.667e-02 6.667e-02 6.667e-02 6.667e-02 6.667e-02 6.667e-02 6.667e-02
6.667e-02 6.667e-02 6.667e-02 6.667e-02 6.667e-02 6.667e-02 6.667e-02 6.667e-02 6.667e-02 6.667e-02 6.667e-02 6.667e-02 6.667e-02 6.667e-02 6.667e-02 6.667e-02 6.667e-02 6.667e-02 6.667e-02 6.667e-02
6.667e-02 6.667e-02 6.667e-02 6.667e-02 6.667e-02 6.667e-02 6.667e-02 6.667e-02 6.667e-02 6.667e-02 6.667e-02 6.667e-02 6.667e-02 6.667e-02 6.667e-02 6.667e-02 6.667e-02 6.667e-02 6.667e-02 6.667e-02
6.667e-02 6.667e-02 6.667e-02 6.667e-02 6.667e-02 6.667e-02 6.667e-02 6.667e-02 6.667e-02 6.667e-02 6.667e-02 6.667e-02 6.667e-02 6.667e-02 6.667e-02 6.667e-02 6.667e-02 6.667e-02 6.667e-02 6.667e-02
0.000e+00 0.000e+00 0.000e+00 0.000e+00 0.000e+00 0.000e+00 0.000e+00 0.000e+00 0.000e+00 0.000e+00 0.000e+00 0.000e+00 0.000e+00 0.000e+00 0.000e+00 1.000e+00 0.000e+00 0.000e+00 0.000e+00 0.000e+00
0.000e+00 0.000e+00 0.000e+00 0.000e+00 0.000e+00 0.000e+00 0.000e+00 0.000e+00 0.000e+00 0.000e+00 0.000e+00 0.000e+00 0.000e+00 0.000e+00 0.000e+00 0.000e+00 1.000e+00 0.000e+00 0.000e+00 0.000e+00
0.000e+00 0.000e+00 0.000e+00 0.000e+00 0.000e+00 0.000e+00 0.000e+00 0.000e+00 0.000e+00 0.000e+00 0.000e+00 0.000e+00 0.000e+00 0.000e+00 0.000e+00 0.000e+00 0.000e+00 1.000e+00 0.000e+00 0.000e+00
0.000e+00 0.000e+00 0.000e+00 0.000e+00 0.000e+00 0.000e+00 0.000e+00 0.000e+00 0.000e+00 0.000e+00 0.000e+00 0.000e+00 0.000e+00 0.000e+00 0.000e+00 0.000e+00 0.000e+00 0.000e+00 1.000e+00 0.000e+00
0.000e+00 0.000e+00 0.000e+00 0.000e+00 0.000e+00 0.000e+00 0.000e+00 0.000e+00 0.000e+00 0.000e+00 0.000e+00 0.000e+00 0.000e+00 0.000e+00 0.000e+00 0.000e+00 0.000e+00 0.000e+00 0.000e+00 1.000e+00

9.570e-01 3.291e-02 5.063e-03 0.000e+00 0.000e+00 2.532e-03 0.000e+00 0.000e+00 2.532e-03 0.000e+00 0.000e+00 0.000e+00 0.000e+00 0.000e+00 0.000e+00 0.000e+00 0.000e+00 0.000e+00 0.000e+00 0.000e+00
6.250e-01 3.750e-01 0.000e+00 0.000e+00 0.000e+00 0.000e+00 0.000e+00 0.000e+00 0.000e+00 0.000e+00 0.000e+00 0.000e+00 0.000e+00 0.000e+00 0.000e+00 0.000e+00 0.000e+00 0.000e+00 0.000e+00 0.000e+00
5.000e-01 5.000e-01 0.000e+00 0.000e+00 0.000e+00 0.000e+00 0.000e+00 0.000e+00 0.000e+00 0.000e+00 0.000e+00 0.000e+00 0.000e+00 0.000e+00 0.000e+00 0.000e+00 0.000e+00 0.000e+00 0.000e+00 0.000e+00
6.667e-02 6.667e-02 6.667e-02 6.667e-02 6.667e-02 6.667e-02 6.667e-02 6.667e-02 6.667e-02 6.667e-02 6.667e-02 6.667e-02 6.667e-02 6.667e-02 6.667e-02 6.667e-02 6.667e-02 6.667e-02 6.667e-02 6.667e-02
6.667e-02 6.667e-02 6.667e-02 6.667e-02 6.667e-02 6.667e-02 6.667e-02 6.667e-02 6.667e-02 6.667e-02 6.667e-02 6.667e-02 6.667e-02 6.667e-02 6.667e-02 6.667e-02 6.667e-02 6.667e-02 6.667e-02 6.667e-02
1.000e+00 0.000e+00 0.000e+00 0.000e+00 0.000e+00 0.000e+00 0.000e+00 0.000e+00 0.000e+00 0.000e+00 0.000e+00 0.000e+00 0.000e+00 0.000e+00 0.000e+00 0.000e+00 0.000e+00 0.000e+00 0.000e+00 0.000e+00
6.667e-02 6.667e-02 6.667e-02 6.667e-02 6.667e-02 6.667e-02 6.667e-02 6.667e-02 6.667e-02 6.667e-02 6.667e-02 6.667e-02 6.667e-02 6.667e-02 6.667e-02 6.667e-02 6.667e-02 6.667e-02 6.667e-02 6.667e-02
6.667e-02 6.667e-02 6.667e-02 6.667e-02 6.667e-02 6.667e-02 6.667e-02 6.667e-02 6.667e-02 6.667e-02 6.667e-02 6.667e-02 6.667e-02 6.667e-02 6.667e-02 6.667e-02 6.667e-02 6.667e-02 6.667e-02 6.667e-02
6.667e-02 6.667e-02 6.667e-02 6.667e-02 6.667e-02 6.667e-02 6.667e-02 6.667e-02 6.667e-02 6.667e-02 6.667e-02 6.667e-02 6.667e-02 6.667e-02 6.667e-02 6.667e-02 6.667e-02 6.667e-02 6.667e-02 6.667e-02
6.667e-02 6.667e-02 6.667e-02 6.667e-02 6.667e-02 6.667e-02 6.667e-02 6.667e-02 6.667e-02 6.667e-02 6.667e-02 6.667e-02 6.667e-02 6.667e-02 6.667e-02 6.667e-02 6.667e-02 6.667e-02 6.667e-02 6.667e-02
6.667e-02 6.667e-02 6.667e-02 6.667e-02 6.667e-02 6.667e-02 6.667e-02 6.667e-02 6.667e-02 6.667e-02 6.667e-02 6.667e-02 6.667e-02 6.667e-02 6.667e-02 6.667e-02 6.667e-02 6.667e-02 6.667e-02 6.667e-02
6.667e-02 6.667e-02 6.667e-02 6.667e-02 6.667e-02 6.667e-02 6.667e-02 6.667e-02 6.667e-02 6.667e-02 6.667e-02 6.667e-02 6.667e-02 6.667e-02 6.667e-02 6.667e-02 6.667e-02 6.667e-02 6.667e-02 6.667e-02
6.667e-02 6.667e-02 6.667e-02 6.667e-02 6.667e-02 6.667e-02 6.667e-02 6.667e-02 6.667e-02 6.667e-02 6.667e-02 6.667e-02 6.667e-02 6.667e-02 6.667e-02 6.667e-02 6.667e-02 6.667e-02 6.667e-02 6.667e-02
6.667e-02 6.667e-02 6.667e-02 6.667e-02 6.667e-02 6.667e-02 6.667e-02 6.667e-02 6.667e-02 6.667e-02 6.667e-02 6.667e-02 6.667e-02 6.667e-02 6.667e-02 6.667e-02 6.667e-02 6.667e-02 6.667e-02 6.667e-02
6.667e-02 6.667e-02 6.667e-02 6.667e-02 6.667e-02 6.667e-02 6.667e-02 6.667e-02 6.667e-02 6.667e-02 6.667e-02 6.667e-02 6.667e-02 6.667e-02 6.667e-02 6.667e-02 6.667e-02 6.667e-02 6.667e-02 6.667e-02
0.000e+00 0.000e+00 0.000e+00 0.000e+00 0.000e+00 0.000e+00 0.000e+00 0.000e+00 0.000e+00 0.000e+00 0.000e+00 0.000e+00 0.000e+00 0.000e+00 0.000e+00 1.000e+00 0.000e+00 0.000e+00 0.000e+00 0.000e+00
0.000e+00 0.000e+00 0.000e+00 0.000e+00 0.000e+00 0.000e+00 0.000e+00 0.000e+00 0.000e+00 0.000e+00 0.000e+00 0.000e+00 0.000e+00 0.000e+00 0.000e+00 0.000e+00 1.000e+00 0.000e+00 0.000e+00 0.000e+00
0.000e+00 0.000e+00 0.000e+00 0.000e+00 0.000e+00 0.000e+00 0.000e+00 0.000e+00 0.000e+00 0.000e+00 0.000e+00 0.000e+00 0.000e+00 0.000e+00 0.000e+00 0.000e+00 0.000e+00 1.000e+00 0.000e+00 0.000e+00
0.000e+00 0.000e+00 0.000e+00 0.000e+00 0.000e+00 0.000e+00 0.000e+00 0.000e+00 0.000e+00 0.000e+00 0.000e+00 0.000e+00 0.000e+00 0.000e+00 0.000e+00 0.000e+00 0.000e+00 0.000e+00 1.000e+00 0.000e+00
0.000e+00 0.000e+00 0.000e+00 0.000e+00 0.000e+00 0.000e+00 0.000e+00 0.000e+00 0.000e+00 0.000e+00 0.000e+00 0.000e+00 0.000e+00 0.000e+00 0.000e+00 0.000e+00 0.000e+00 0.000e+00 0.000e+00 1.000e+00

9.558e-01 4.156e-02 0.000e+00 0.000e+00 0.000e+00 2.597e-03 0.000e+00 0.000e+00 0.000e+00 0.000e+00 0.000e+00 0.000e+00 0.000e+00 0.000e+00 0.000e+00 0.000e+00 0.000e+00 0.000e+00 0.000e+00 0.000e+00
8.235e-01 1.765e-01 0.000e+00 0.000e+00 0.000e+00 0.000e+00 0.000e+00 0.000e+00 0.000e+00 0.000e+00 0.000e+00 0.000e+00 0.000e+00 0.000e+00 0.000e+00 0.000e+00 0.000e+00 0.000e+00 0.000e+00 0.000e+00
1.000e+00 0.000e+00 0.000e+00 0.000e+00 0.000e+00 0.000e+00 0.000e+00 0.000e+00 0.000e+00 0.000e+00 0.000e+00 0.000e+00 0.000e+00 0.000e+00 0.000e+00 0.000e+00 0.000e+00 0.000e+00 0.000e+00 0.000e+00
6.667e-02 6.667e-02 6.667e-02 6.667e-02 6.667e-02 6.667e-02 6.667e-02 6.667e-02 6.667e-02 6.667e-02 6.667e-02 6.667e-02 6.667e-02 6.667e-02 6.667e-02 6.667e-02 6.667e-02 6.667e-02 6.667e-02 6.667e-02
6.667e-02 6.667e-02 6.667e-02 6.667e-02 6.667e-02 6.667e-02 6.667e-02 6.667e-02 6.667e-02 6.667e-02 6.667e-02 6.667e-02 6.667e-02 6.667e-02 6.667e-02 6.667e-02 6.667e-02 6.667e-02 6.667e-02 6.667e-02
1.000e+00 0.000e+00 0.000e+00 0.000e+00 0.000e+00 0.000e+00 0.000e+00 0.000e+00 0.000e+00 0.000e+00 0.000e+00 0.000e+00 0.000e+00 0.000e+00 0.000e+00 0.000e+00 0.000e+00 0.000e+00 0.000e+00 0.000e+00
6.667e-02 6.667e-02 6.667e-02 6.667e-02 6.667e-02 6.667e-02 6.667e-02 6.667e-02 6.667e-02 6.667e-02 6.667e-02 6.667e-02 6.667e-02 6.667e-02 6.667e-02 6.667e-02 6.667e-02 6.667e-02 6.667e-02 6.667e-02
6.667e-02 6.667e-02 6.667e-02 6.667e-02 6.667e-02 6.667e-02 6.667e-02 6.667e-02 6.667e-02 6.667e-02 6.667e-02 6.667e-02 6.667e-02 6.667e-02 6.667e-02 6.667e-02 6.667e-02 6.667e-02 6.667e-02 6.667e-02
1.000e+00 0.000e+00 0.000e+00 0.000e+00 0.000e+00 0.000e+00 0.000e+00 0.000e+00 0.000e+00 0.000e+00 0.000e+00 0.000e+00 0.000e+00 0.000e+00 0.000e+00 0.000e+00 0.000e+00 0.000e+00 0.000e+00 0.000e+00
6.667e-02 6.667e-02 6.667e-02 6.667e-02 6.667e-02 6.667e-02 6.667e-02 6.667e-02 6.667e-02 6.667e-02 6.667e-02 6.667e-02 6.667e-02 6.667e-02 6.667e-02 6.667e-02 6.667e-02 6.667e-02 6.667e-02 6.667e-02
6.667e-02 6.667e-02 6.667e-02 6.667e-02 6.667e-02 6.667e-02 6.667e-02 6.667e-02 6.667e-02 6.667e-02 6.667e-02 6.667e-02 6.667e-02 6.667e-02 6.667e-02 6.667e-02 6.667e-02 6.667e-02 6.667e-02 6.667e-02
6.667e-02 6.667e-02 6.667e-02 6.667e-02 6.667e-02 6.667e-02 6.667e-02 6.667e-02 6.667e-02 6.667e-02 6.667e-02 6.667e-02 6.667e-02 6.667e-02 6.667e-02 6.667e-02 6.667e-02 6.667e-02 6.667e-02 6.667e-02
6.667e-02 6.667e-02 6.667e-02 6.667e-02 6.667e-02 6.667e-02 6.667e-02 6.667e-02 6.667e-02 6.667e-02 6.667e-02 6.667e-02 6.667e-02 6.667e-02 6.667e-02 6.667e-02 6.667e-02 6.667e-02 6.667e-02 6.667e-02
6.667e-02 6.667e-02 6.667e-02 6.667e-02 6.667e-02 6.667e-02 6.667e-02 6.667e-02 6.667e-02 6.667e-02 6.667e-02 6.667e-02 6.667e-02 6.667e-02 6.667e-02 6.667e-02 6.667e-02 6.667e-02 6.667e-02 6.667e-02
6.667e-02 6.667e-02 6.667e-02 6.667e-02 6.667e-02 6.667e-02 6.667e-02 6.667e-02 6.667e-02 6.667e-02 6.667e-02 6.667e-02 6.667e-02 6.667e-02 6.667e-02 6.667e-02 6.667e-02 6.667e-02 6.667e-02 6.667e-02
0.000e+00 0.000e+00 0.000e+00 0.000e+00 0.000e+00 0.000e+00 0.000e+00 0.000e+00 0.000e+00 0.000e+00 0.000e+00 0.000e+00 0.000e+00 0.000e+00 0.000e+00 1.000e+00 0.000e+00 0.000e+00 0.000e+00 0.000e+00
0.000e+00 0.000e+00 0.000e+00 0.000e+00 0.000e+00 0.000e+00 0.000e+00 0.000e+00 0.000e+00 0.000e+00 0.000e+00 0.000e+00 0.000e+00 0.000e+00 0.000e+00 0.000e+00 1.000e+00 0.000e+00 0.000e+00 0.000e+00
0.000e+00 0.000e+00 0.000e+00 0.000e+00 0.000e+00 0.000e+00 0.000e+00 0.000e+00 0.000e+00 0.000e+00 0.000e+00 0.000e+00 0.000e+00 0.000e+00 0.000e+00 0.000e+00 0.000e+00 1.000e+00 0.000e+00 0.000e+00
0.000e+00 0.000e+00 0.000e+00 0.000e+00 0.000e+00 0.000e+00 0.000e+00 0.000e+00 0.000e+00 0.000e+00 0.000e+00 0.000e+00 0.000e+00 0.000e+00 0.000e+00 0.000e+00 0.000e+00 0.000e+00 1.000e+00 0.000e+00
0.000e+00 0.000e+00 0.000e+00 0.000e+00 0.000e+00 0.000e+00 0.000e+00 0.000e+00 0.000e+00 0.000e+00 0.000e+00 0.000e+00 0.000e+00 0.000e+00 0.000e+00 0.000e+00 0.000e+00 0.000e+00 0.000e+00 1.000e+00

9.870e-01 1.036e-02 0.000e+00 0.000e+00 0.000e+00 2.591e-03 0.000e+00 0.000e+00 0.000e+00 0.000e+00 0.000e+00 0.000e+00 0.000e+00 0.000e+00 0.000e+00 0.000e+00 0.000e+00 0.000e+00 0.000e+00 0.000e+00
8.421e-01 1.579e-01 0.000e+00 0.000e+00 0.000e+00 0.000e+00 0.000e+00 0.000e+00 0.000e+00 0.000e+00 0.000e+00 0.000e+00 0.000e+00 0.000e+00 0.000e+00 0.000e+00 0.000e+00 0.000e+00 0.000e+00 0.000e+00
6.667e-02 6.667e-02 6.667e-02 6.667e-02 6.667e-02 6.667e-02 6.667e-02 6.667e-02 6.667e-02 6.667e-02 6.667e-02 6.667e-02 6.667e-02 6.667e-02 6.667e-02 6.667e-02 6.667e-02 6.667e-02 6.667e-02 6.667e-02
6.667e-02 6.667e-02 6.667e-02 6.667e-02 6.667e-02 6.667e-02 6.667e-02 6.667e-02 6.667e-02 6.667e-02 6.667e-02 6.667e-02 6.667e-02 6.667e-02 6.667e-02 6.667e-02 6.667e-02 6.667e-02 6.667e-02 6.667e-02
6.667e-02 6.667e-02 6.667e-02 6.667e-02 6.667e-02 6.667e-02 6.667e-02 6.667e-02 6.667e-02 6.667e-02 6.667e-02 6.667e-02 6.667e-02 6.667e-02 6.667e-02 6.667e-02 6.667e-02 6.667e-02 6.667e-02 6.667e-02
0.000e+00 1.000e+00 0.000e+00 0.000e+00 0.000e+00 0.000e+00 0.000e+00 0.000e+00 0.000e+00 0.000e+00 0.000e+00 0.000e+00 0.000e+00 0.000e+00 0.000e+00 0.000e+00 0.000e+00 0.000e+00 0.000e+00 0.000e+00
6.667e-02 6.667e-02 6.667e-02 6.667e-02 6.667e-02 6.667e-02 6.667e-02 6.667e-02 6.667e-02 6.667e-02 6.667e-02 6.667e-02 6.667e-02 6.667e-02 6.667e-02 6.667e-02 6.667e-02 6.667e-02 6.667e-02 6.667e-02
6.667e-02 6.667e-02 6.667e-02 6.667e-02 6.667e-02 6.667e-02 6.667e-02 6.667e-02 6.667e-02 6.667e-02 6.667e-02 6.667e-02 6.667e-02 6.667e-02 6.667e-02 6.667e-02 6.667e-02 6.667e-02 6.667e-02 6.667e-02
6.667e-02 6.667e-02 6.667e-02 6.667e-02 6.667e-02 6.667e-02 6.667e-02 6.667e-02 6.667e-02 6.667e-02 6.667e-02 6.667e-02 6.667e-02 6.667e-02 6.667e-02 6.667e-02 6.667e-02 6.667e-02 6.667e-02 6.667e-02
6.667e-02 6.667e-02 6.667e-02 6.667e-02 6.667e-02 6.667e-02 6.667e-02 6.667e-02 6.667e-02 6.667e-02 6.667e-02 6.667e-02 6.667e-02 6.667e-02 6.667e-02 6.667e-02 6.667e-02 6.667e-02 6.667e-02 6.667e-02
6.667e-02 6.667e-02 6.667e-02 6.667e-02 6.667e-02 6.667e-02 6.667e-02 6.667e-02 6.667e-02 6.667e-02 6.667e-02 6.667e-02 6.667e-02 6.667e-02 6.667e-02 6.667e-02 6.667e-02 6.667e-02 6.667e-02 6.667e-02
6.667e-02 6.667e-02 6.667e-02 6.667e-02 6.667e-02 6.667e-02 6.667e-02 6.667e-02 6.667e-02 6.667e-02 6.667e-02 6.667e-02 6.667e-02 6.667e-02 6.667e-02 6.667e-02 6.667e-02 6.667e-02 6.667e-02 6.667e-02
6.667e-02 6.667e-02 6.667e-02 6.667e-02 6.667e-02 6.667e-02 6.667e-02 6.667e-02 6.667e-02 6.667e-02 6.667e-02 6.667e-02 6.667e-02 6.667e-02 6.667e-02 6.667e-02 6.667e-02 6.667e-02 6.667e-02 6.667e-02
6.667e-02 6.667e-02 6.667e-02 6.667e-02 6.667e-02 6.667e-02 6.667e-02 6.667e-02 6.667e-02 6.667e-02 6.667e-02 6.667e-02 6.667e-02 6.667e-02 6.667e-02 6.667e-02 6.667e-02 6.667e-02 6.667e-02 6.667e-02
6.667e-02 6.667e-02 6.667e-02 6.667e-02 6.667e-02 6.667e-02 6.667e-02 6.667e-02 6.667e-02 6.667e-02 6.667e-02 6.667e-02 6.667e-02 6.667e-02 6.667e-02 6.667e-02 6.667e-02 6.667e-02 6.667e-02 6.667e-02
0.000e+00 0.000e+00 0.000e+00 0.000e+00 0.000e+00 0.000e+00 0.000e+00 0.000e+00 0.000e+00 0.000e+00 0.000e+00 0.000e+00 0.000e+00 0.000e+00 0.000e+00 1.000e+00 0.000e+00 0.000e+00 0.000e+00 0.000e+00
0.000e+00 0.000e+00 0.000e+00 0.000e+00 0.000e+00 0.000e+00 0.000e+00 0.000e+00 0.000e+00 0.000e+00 0.000e+00 0.000e+00 0.000e+00 0.000e+00 0.000e+00 0.000e+00 1.000e+00 0.000e+00 0.000e+00 0.000e+00
0.000e+00 0.000e+00 0.000e+00 0.000e+00 0.000e+00 0.000e+00 0.000e+00 0.000e+00 0.000e+00 0.000e+00 0.000e+00 0.000e+00 0.000e+00 0.000e+00 0.000e+00 0.000e+00 0.000e+00 1.000e+00 0.000e+00 0.000e+00
0.000e+00 0.000e+00 0.000e+00 0.000e+00 0.000e+00 0.000e+00 0.000e+00 0.000e+00 0.000e+00 0.000e+00 0.000e+00 0.000e+00 0.000e+00 0.000e+00 0.000e+00 0.000e+00 0.000e+00 0.000e+00 1.000e+00 0.000e+00
0.000e+00 0.000e+00 0.000e+00 0.000e+00 0.000e+00 0.000e+00 0.000e+00 0.000e+00 0.000e+00 0.000e+00 0.000e+00 0.000e+00 0.000e+00 0.000e+00 0.000e+00 0.000e+00 0.000e+00 0.000e+00 0.000e+00 1.000e+00

