9.426e-01 5.191e-02 0.000e+00 0.000e+00 2.732e-03 0.000e+00 0.000e+00 0.000e+00 0.000e+00 0.000e+00 0.000e+00 2.732e-03 0.000e+00 0.000e+00 0.000e+00 0.000e+00 0.000e+00 0.000e+00 0.000e+00 0.000e+00
6.562e-01 3.438e-01 0.000e+00 0.000e+00 0.000e+00 0.000e+00 0.000e+00 0.000e+00 0.000e+00 0.000e+00 0.000e+00 0.000e+00 0.000e+00 0.000e+00 0.000e+00 0.000e+00 0.000e+00 0.000e+00 0.000e+00 0.000e+00
3.333e-01 6.667e-01 0.000e+00 0.000e+00 0.000e+00 0.000e+00 0.000e+00 0.000e+00 0.000e+00 0.000e+00 0.000e+00 0.000e+00 0.000e+00 0.000e+00 0.000e+00 0.000e+00 0.000e+00 0.000e+00 0.000e+00 0.000e+00
1.000e+00 0.000e+00 0.000e+00 0.000e+00 0.000e+00 0.000e+00 0.000e+00 0.000e+00 0.000e+00 0.000e+00 0.000e+00 0.000e+00 0.000e+00 0.000e+00 0.000e+00 0.000e+00 0.000e+00 0.000e+00 0.000e+00 0.000e+00
1.000e+00 0.000e+00 0.000e+00 0.000e+00 0.000e+00 0.000e+00 0.000e+00 0.000e+00 0.000e+00 0.000e+00 0.000e+00 0.000e+00 0.000e+00 0.000e+00 0.000e+00 0.000e+00 0.000e+00 0.000e+00 0.000e+00 0.000e+00
1.000e+00 0.000e+00 0.000e+00 0.000e+00 0.000e+00 0.000e+00 0.000e+00 0.000e+00 0.000e+00 0.000e+00 0.000e+00 0.000e+00 0.000e+00 0.000e+00 0.000e+00 0.000e+00 0.000e+00 0.000e+00 0.000e+00 0.000e+00
1.000e+00 0.000e+00 0.000e+00 0.000e+00 0.000e+00 0.000e+00 0.000e+00 0.000e+00 0.000e+00 0.000e+00 0.000e+00 0.000e+00 0.000e+00 0.000e+00 0.000e+00 0.000e+00 0.000e+00 0.000e+00 0.000e+00 0.000e+00
1.000e+00 0.000e+00 0.000e+00 0.000e+00 0.000e+00 0.000e+00 0.000e+00 0.000e+00 0.000e+00 0.000e+00 0.000e+00 0.000e+00 0.000e+00 0.000e+00 0.000e+00 0.000e+00 0.000e+00 0.000e+00 0.000e+00 0.000e+00
6.667e-02 6.667e-02 6.667e-02 6.667e-02 6.667e-02 6.667e-02 6.667e-02 6.667e-02 6.667e-02 6.667e-02 6.667e-02 6.667e-02 6.667e-02 6.667e-02 6.667e-02 6.667e-02 6.667e-02 6.667e-02 6.667e-02 6.667e-02
6.667e-02 6.667e-02 6.667e-02 6.667e-02 6.667e-02 6.667e-02 6.667e-02 6.667e-02 6.667e-02 6.667e-02 6.667e-02 6.667e-02 6.667e-02 6.667e-02 6.667e-02 6.667e-02 6.667e-02 6.667e-02 6.667e-02 6.667e-02
6.667e-02 6.667e-02 6.667e-02 6.667e-02 6.667e-02 6.667e-02 6.667e-02 6.667e-02 6.667e-02 6.667e-02 6.667e-02 6.667e-02 6.667e-02 6.667e-02 6.667e-02 6.667e-02 6.667e-02 6.667e-02 6.667e-02 6.667e-02
6.667e-02 6.667e-02 6.667e-02 6.667e-02 6.667e-02 6.667e-02 6.667e-02 6.667e-02 6.667e-02 6.667e-02 6.667e-02 6.667e-02 6.667e-02 6.667e-02 6.667e-02 6.667e-02 6.667e-02 6.667e-02 6.667e-02 6.667e-02
6.667e-02 6.667e-02 6.667e-02 6.667e-02 6.667e-02 6.667e-02 6.667e-02 6.667e-02 6.667e-02 6.667e-02 6.667e-02 6.667e-02 6.667e-02 6.667e-02 6.667e-02 6.667e-02 6.667e-02 6.667e-02 6.667e-02 6.667e-02
6.667e-02 6.667e-02 6.667e-02 6.667e-02 6.667e-02 6.667e-02 6.667e-02 6.667e-02 6.667e-02 6.667e-02 6.667e-02 6.667e-02 6.667e-02 6.667e-02 6.667e-02 6.667e-02 6.667e-02 6.667e-02 6.667e-02 6.667e-02
6.667e-02 6.667e-02 6.667e-02 6.667e-02 6.667e-02 6.667e-02 6.667e-02 6.667e-02 6.667e-02 6.667e-02 6.667e-02 6.667e-02 6.667e-02 6.667e-02 6.667e-02 6.667e-02 6.667e-02 6.667e-02 6.667e-02 6.667e-02
0.000e+00 0.000e+00 0.000e+00 0.000e+00 0.000e+00 0.000e+00 0.000e+00 0.000e+00 0.000e+00 0.000e+00 0.000e+00 0.000e+00 0.000e+00 0.000e+00 0.000e+00 1.000e+00 0.000e+00 0.000e+00 0.000e+00 0.000e+00
0.000e+00 0.000e+00 0.000e+00 0.000e+00 0.000e+00 0.000e+00 0.000e+00 0.000e+00 0.000e+00 0.000e+00 0.000e+00 0.000e+00 0.000e+00 0.000e+00 0.000e+00 0.000e+00 1.000e+00 0.000e+00 0.000e+00 0.000e+00
0.000e+00 0.000e+00 0.000e+00 0.000e+00 0.000e+00 0.000e+00 0.000e+00 0.000e+00 0.000e+00 0.000e+00 0.000e+00 0.000e+00 0.000e+00 0.000e+00 0.000e+00 0.000e+00 0.000e+00 1.000e+00 0.000e+00 0.000e+00
0.000e+00 0.000e+00 0.000e+00 0.000e+00 0.000e+00 0.000e+00 0.000e+00 0.000e+00 0.000e+00 0.000e+00 0.000e+00 0.000e+00 0.000e+00 0.000e+00 0.000e+00 0.000e+00 0.000e+00 0.000e+00 1.000e+00 0.000e+00
0.000e+00 0.000e+00 0.000e+00 0.000e+00 0.000e+00 0.000e+00 0.000e+00 0.000e+00 0.000e+00 0.000e+00 0.000e+00 0.000e+00 0.000e+00 0.000e+00 0.000e+00 0.000e+00 0.000e+00 0.000e+00 0.000e+00 1.000e+00

9.194e-01 6.183e-02 1.075e-02 5.376e-03 0.000e+00 0.000e+00 2.688e-03 0.000e+00 0.000e+00 0.000e+00 0.000e+00 0.000e+00 0.000e+00 0.000e+00 0.000e+00 0.000e+00 0.000e+00 0.000e+00 0.000e+00 0.000e+00
5.000e-01 4.375e-01 3.125e-02 3.125e-02 0.000e+00 0.000e+00 0.000e+00 0.000e+00 0.000e+00 0.000e+00 0.000e+00 0.000e+00 0.000e+00 0.000e+00 0.000e+00 0.000e+00 0.000e+00 0.000e+00 0.000e+00 0.000e+00
6.667e-02 6.667e-02 6.667e-02 6.667e-02 6.667e-02 6.667e-02 6.667e-02 6.667e-02 6.667e-02 6.667e-02 6.667e-02 6.667e-02 6.667e-02 6.667e-02 6.667e-02 6.667e-02 6.667e-02 6.667e-02 6.667e-02 6.667e-02
6.667e-02 6.667e-02 6.667e-02 6.667e-02 6.667e-02 6.667e-02 6.667e-02 6.667e-02 6.667e-02 6.667e-02 6.667e-02 6.667e-02 6.667e-02 6.667e-02 6.667e-02 6.667e-02 6.667e-02 6.667e-02 6.667e-02 6.667e-02
1.000e+00 0.000e+00 0.000e+00 0.000e+00 0.000e+00 0.000e+00 0.000e+00 0.000e+00 0.000e+00 0.000e+00 0.000e+00 0.000e+00 0.000e+00 0.000e+00 0.000e+00 0.000e+00 0.000e+00 0.000e+00 0.000e+00 0.000e+00
6.667e-02 6.667e-02 6.667e-02 6.667e-02 6.667e-02 6.667e-02 6.667e-02 6.667e-02 6.667e-02 6.667e-02 6.667e-02 6.667e-02 6.667e-02 6.667e-02 6.667e-02 6.667e-02 6.667e-02 6.667e-02 6.667e-02 6.667e-02
6.667e-02 6.667e-02 6.667e-02 6.667e-02 6.667e-02 6.667e-02 6.667e-02 6.667e-02 6.667e-02 6.667e-02 6.667e-02 6.667e-02 6.667e-02 6.667e-02 6.667e-02 6.667e-02 6.667e-02 6.667e-02 6.667e-02 6.667e-02
6.667e-02 6.667e-02 6.667e-02 6.667e-02 6.667e-02 6.667e-02 6.667e-02 6.667e-02 6.667e-02 6.667e-02 6.667e-02 6.667e-02 6.667e-02 6.667e-02 6.667e-02 6.667e-02 6.667e-02 6.667e-02 6.667e-02 6.667e-02
6.667e-02 6.667e-02 6.667e-02 6.667e-02 6.667e-02 6.667e-02 6.667e-02 6.667e-02 6.667e-02 6.667e-02 6.667e-02 6.667e-02 6.667e-02 6.667e-02 6.667e-02 6.667e-02 6.667e-02 6.667e-02 6.667e-02 6.667e-02
6.667e-02 6.667e-02 6.667e-02 6.667e-02 6.667e-02 6.667e-02 6.667e-02 6.667e-02 6.667e-02 6.667e-02 6.667e-02 6.667e-02 6.667e-02 6.667e-02 6.667e-02 6.667e-02 6.667e-02 6.667e-02 6.667e-02 6.667e-02
6.667e-02 6.667e-02 6.667e-02 6.667e-02 6.667e-02 6.667e-02 6.667e-02 6.667e-02 6.667e-02 6.667e-02 6.667e-02 6.667e-02 6.667e-02 6.667e-02 6.667e-02 6.667e-02 6.667e-02 6.667e-02 6.667e-02 6.667e-02
0.000e+00 0.000e+00 0.000e+00 0.000e+00 0.000e+00 0.000e+00 0.000e+00 0.000e+00 0.000e+00 0.000e+00 0.000e+00 1.000e+00 0.000e+00 0.000e+00 0.000e+00 0.000e+00 0.000e+00 0.000e+00 0.000e+00 0.000e+00
6.667e-02 6.667e-02 6.667e-02 6.667e-02 6.667e-02 6.667e-02 6.667e-02 6.667e-02 6.667e-02 6.667e-02 6.667e-02 6.667e-02 6.667e-02 6.667e-02 6.667e-02 6.667e-02 6.667e-02 6.667e-02 6.667e-02 6.667e-02
6.667e-02 6.667e-02 6.667e-02 6.667e-02 6.667e-02 6.667e-02 6.667e-02 6.667e-02 6.667e-02 6.667e-02 6.667e-02 6.667e-02 6.667e-02 6.667e-02 6.667e-02 6.667e-02 6.667e-02 6.667e-02 6.667e-02 6.667e-02
6.667e-02 6.667e-02 6.667e-02 6.667e-02 6.667e-02 6.667e-02 6.667e-02 6.667e-02 6.667e-02 6.667e-02 6.667e-02 6.667e-02 6.667e-02 6.667e-02 6.667e-02 6.667e-02 6.667e-02 6.667e-02 6.667e-02 6.667e-02
0.000e+00 0.000e+00 0.000e+00 0.000e+00 0.000e+00 0.000e+00 0.000e+00 0.000e+00 0.000e+00 0.000e+00 0.000e+00 0.000e+00 0.000e+00 0.000e+00 0.000e+00 1.000e+00 0.000e+00 0.000e+00 0.000e+00 0.000e+00
0.000e+00 0.000e+00 0.000e+00 0.000e+00 0.000e+00 0.000e+00 0.000e+00 0.000e+00 0.000e+00 0.000e+00 0.000e+00 0.000e+00 0.000e+00 0.000e+00 0.000e+00 0.000e+00 1.000e+00 0.000e+00 0.000e+00 0.000e+00
0.000e+00 0.000e+00 0.000e+00 0.000e+00 0.000e+00 0.000e+00 0.000e+00 0.000e+00 0.000e+00 0.000e+00 0.000e+00 0.000e+00 0.000e+00 0.000e+00 0.000e+00 0.000e+00 0.000e+00 1.000e+00 0.000e+00 0.000e+00
0.000e+00 0.000e+00 0.000e+00 0.000e+00 0.000e+00 0.000e+00 0.000e+00 0.000e+00 0.000e+00 0.000e+00 0.000e+00 0.000e+00 0.000e+00 0.000e+00 0.000e+00 0.000e+00 0.000e+00 0.000e+00 1.000e+00 0.000e+00
0.000e+00 0.000e+00 0.000e+00 0.000e+00 0.000e+00 0.000e+00 0.000e+00 0.000e+00 0.000e+00 0.000e+00 0.000e+00 0.000e+00 0.000e+00 0.000e+00 0.000e+00 0.000e+00 0.000e+00 0.000e+00 0.000e+00 1.000e+00

9.248e-01 7.242e-02 0.000e+00 0.000e+00 2.786e-03 0.000e+00 0.000e+00 0.000e+00 0.000e+00 0.000e+00 0.000e+00 0.000e+00 0.000e+00 0.000e+00 0.000e+00 0.000e+00 0.000e+00 0.000e+00 0.000e+00 0.000e+00
6.216e-01 3.784e-01 0.000e+00 0.000e+00 0.000e+00 0.000e+00 0.000e+00 0.000e+00 0.000e+00 0.000e+00 0.000e+00 0.000e+00 0.000e+00 0.000e+00 0.000e+00 0.000e+00 0.000e+00 0.000e+00 0.000e+00 0.000e+00
8.000e-01 2.000e-01 0.000e+00 0.000e+00 0.000e+00 0.000e+00 0.000e+00 0.000e+00 0.000e+00 0.000e+00 0.000e+00 0.000e+00 0.000e+00 0.000e+00 0.000e+00 0.000e+00 0.000e+00 0.000e+00 0.000e+00 0.000e+00
3.333e-01 6.667e-01 0.000e+00 0.000e+00 0.000e+00 0.000e+00 0.000e+00 0.000e+00 0.000e+00 0.000e+00 0.000e+00 0.000e+00 0.000e+00 0.000e+00 0.000e+00 0.000e+00 0.000e+00 0.000e+00 0.000e+00 0.000e+00
6.667e-02 6.667e-02 6.667e-02 6.667e-02 6.667e-02 6.667e-02 6.667e-02 6.667e-02 6.667e-02 6.667e-02 6.667e-02 6.667e-02 6.667e-02 6.667e-02 6.667e-02 6.667e-02 6.667e-02 6.667e-02 6.667e-02 6.667e-02
6.667e-02 6.667e-02 6.667e-02 6.667e-02 6.667e-02 6.667e-02 6.667e-02 6.667e-02 6.667e-02 6.667e-02 6.667e-02 6.667e-02 6.667e-02 6.667e-02 6.667e-02 6.667e-02 6.667e-02 6.667e-02 6.667e-02 6.667e-02
1.000e+00 0.000e+00 0.000e+00 0.000e+00 0.000e+00 0.000e+00 0.000e+00 0.000e+00 0.000e+00 0.000e+00 0.000e+00 0.000e+00 0.000e+00 0.000e+00 0.000e+00 0.000e+00 0.000e+00 0.000e+00 0.000e+00 0.000e+00
6.667e-02 6.667e-02 6.667e-02 6.667e-02 6.667e-02 6.667e-02 6.667e-02 6.667e-02 6.667e-02 6.667e-02 6.667e-02 6.667e-02 6.667e-02 6.667e-02 6.667e-02 6.667e-02 6.667e-02 6.667e-02 6.667e-02 6.667e-02
6.667e-02 6.667e-02 6.667e-02 6.667e-02 6.667e-02 6.667e-02 6.667e-02 6.667e-02 6.667e-02 6.667e-02 6.667e-02 6.667e-02 6.667e-02 6.667e-02 6.667e-02 6.667e-02 6.667e-02 6.667e-02 6.667e-02 6.667e-02
6.667e-02 6.667e-02 6.667e-02 6.667e-02 6.667e-02 6.667e-02 6.667e-02 6.667e-02 6.667e-02 6.667e-02 6.667e-02 6.667e-02 6.667e-02 6.667e-02 6.667e-02 6.667e-02 6.667e-02 6.667e-02 6.667e-02 6.667e-02
6.667e-02 6.667e-02 6.667e-02 6.667e-02 6.667e-02 6.667e-02 6.667e-02 6.667e-02 6.667e-02 6.667e-02 6.667e-02 6.667e-02 6.667e-02 6.667e-02 6.667e-02 6.667e-02 6.667e-02 6.667e-02 6.667e-02 6.667e-02
0.000e+00 1.000e+00 0.000e+00 0.000e+00 0.000e+00 0.000e+00 0.000e+00 0.000e+00 0.000e+00 0.000e+00 0.000e+00 0.000e+00 0.000e+00 0.000e+00 0.000e+00 0.000e+00 0.000e+00 0.000e+00 0.000e+00 0.000e+00
6.667e-02 6.667e-02 6.667e-02 6.667e-02 6.667e-02 6.667e-02 6.667e-02 6.667e-02 6.667e-02 6.667e-02 6.667e-02 6.667e-02 6.667e-02 6.667e-02 6.667e-02 6.667e-02 6.667e-02 6.667e-02 6.667e-02 6.667e-02
6.667e-02 6.667e-02 6.667e-02 6.667e-02 6.667e-02 6.667e-02 6.667e-02 6.667e-02 6.667e-02 6.667e-02 6.667e-02 6.667e-02 6.667e-02 6.667e-02 6.667e-02 6.667e-02 6.667e-02 6.667e-02 6.667e-02 6.667e-02
6.667e-02 6.667e-02 6.667e-02 6.667e-02 6.667e-02 6.667e-02 6.667e-02 6.667e-02 6.667e-02 6.667e-02 6.667e-02 6.667e-02 6.667e-02 6.667e-02 6.667e-02 6.667e-02 6.667e-02 6.667e-02 6.667e-02 6.667e-02
0.000e+00 0.000e+00 0.000e+00 0.000e+00 0.000e+00 0.000e+00 0.000e+00 0.000e+00 0.000e+00 0.000e+00 0.000e+00 0.000e+00 0.000e+00 0.000e+00 0.000e+00 1.000e+00 0.000e+00 0.000e+00 0.000e+00 0.000e+00
0.000e+00 0.000e+00 0.000e+00 0.000e+00 0.000e+00 0.000e+00 0.000e+00 0.000e+00 0.000e+00 0.000e+00 0.000e+00 0.000e+00 0.000e+00 0.000e+00 0.000e+00 0.000e+00 1.000e+00 0.000e+00 0.000e+00 0.000e+00
0.000e+00 0.000e+00 0.000e+00 0.000e+00 0.000e+00 0.000e+00 0.000e+00 0.000e+00 0.000e+00 0.000e+00 0.000e+00 0.000e+00 0.000e+00 0.000e+00 0.000e+00 0.000e+00 0.000e+00 1.000e+00 0.000e+00 0.000e+00
0.000e+00 0.000e+00 0.000e+00 0.000e+00 0.000e+00 0.000e+00 0.000e+00 0.000e+00 0.000e+00 0.000e+00 0.000e+00 0.000e+00 0.000e+00 0.000e+00 0.000e+00 0.000e+00 0.000e+00 0.000e+00 1.000e+00 0.000e+00
0.000e+00 0.000e+00 0.000e+00 0.000e+00 0.000e+00 0.000e+00 0.000e+00 0.000e+00 0.000e+00 0.000e+00 0.000e+00 0.000e+00 0.000e+00 0.000e+00 0.000e+00 0.000e+00 0.000e+00 0.000e+00 0.000e+00 1.000e+00

9.335e-01 5.540e-02 0.000e+00 0.000e+00 2.770e-03 0.000e+00 0.000e+00 2.770e-03 0.000e+00 0.000e+00 0.000e+00 2.770e-03 0.000e+00 0.000e+00 0.000e+00 0.000e+00 0.000e+00 0.000e+00 0.000e+00 2.770e-03
5.909e-01 3.636e-01 4.545e-02 0.000e+00 0.000e+00 0.000e+00 0.000e+00 0.000e+00 0.000e+00 0.000e+00 0.000e+00 0.000e+00 0.000e+00 0.000e+00 0.000e+00 0.000e+00 0.000e+00 0.000e+00 0.000e+00 0.000e+00
6.667e-02 6.667e-02 6.667e-02 6.667e-02 6.667e-02 6.667e-02 6.667e-02 6.667e-02 6.667e-02 6.667e-02 6.667e-02 6.667e-02 6.667e-02 6.667e-02 6.667e-02 6.667e-02 6.667e-02 6.667e-02 6.667e-02 6.667e-02
6.667e-02 6.667e-02 6.667e-02 6.667e-02 6.667e-02 6.667e-02 6.667e-02 6.667e-02 6.667e-02 6.667e-02 6.667e-02 6.667e-02 6.667e-02 6.667e-02 6.667e-02 6.667e-02 6.667e-02 6.667e-02 6.667e-02 6.667e-02
1.000e+00 0.000e+00 0.000e+00 0.000e+00 0.000e+00 0.000e+00 0.000e+00 0.000e+00 0.000e+00 0.000e+00 0.000e+00 0.000e+00 0.000e+00 0.000e+00 0.000e+00 0.000e+00 0.000e+00 0.000e+00 0.000e+00 0.000e+00
6.667e-02 6.667e-02 6.667e-02 6.667e-02 6.667e-02 6.667e-02 6.667e-02 6.667e-02 6.667e-02 6.667e-02 6.667e-02 6.667e-02 6.667e-02 6.667e-02 6.667e-02 6.667e-02 6.667e-02 6.667e-02 6.667e-02 6.667e-02
6.667e-02 6.667e-02 6.667e-02 6.667e-02 6.667e-02 6.667e-02 6.667e-02 6.667e-02 6.667e-02 6.667e-02 6.667e-02 6.667e-02 6.667e-02 6.667e-02 6.667e-02 6.667e-02 6.667e-02 6.667e-02 6.667e-02 6.667e-02
6.667e-02 6.667e-02 6.667e-02 6.667e-02 6.667e-02 6.667e-02 6.667e-02 6.667e-02 6.667e-02 6.667e-02 6.667e-02 6.667e-02 6.667e-02 6.667e-02 6.667e-02 6.667e-02 6.667e-02 6.667e-02 6.667e-02 6.667e-02
6.667e-02 6.667e-02 6.667e-02 6.667e-02 6.667e-02 6.667e-02 6.667e-02 6.667e-02 6.667e-02 6.667e-02 6.667e-02 6.667e-02 6.667e-02 6.667e-02 6.667e-02 6.667e-02 6.667e-02 6.667e-02 6.667e-02 6.667e-02
6.667e-02 6.667e-02 6.667e-02 6.667e-02 6.667e-02 6.667e-02 6.667e-02 6.667e-02 6.667e-02 6.667e-02 6.667e-02 6.667e-02 6.667e-02 6.667e-02 6.667e-02 6.667e-02 6.667e-02 6.667e-02 6.667e-02 6.667e-02
6.667e-02 6.667e-02 6.667e-02 6.667e-02 6.667e-02 6.667e-02 6.667e-02 6.667e-02 6.667e-02 6.667e-02 6.667e-02 6.667e-02 6.667e-02 6.667e-02 6.667e-02 6.667e-02 6.667e-02 6.667e-02 6.667e-02 6.667e-02
6.667e-02 6.667e-02 6.667e-02 6.667e-02 6.667e-02 6.667e-02 6.667e-02 6.667e-02 6.667e-02 6.667e-02 6.667e-02 6.667e-02 6.667e-02 6.667e-02 6.667e-02 6.667e-02 6.667e-02 6.667e-02 6.667e-02 6.667e-02
6.667e-02 6.667e-02 6.667e-02 6.667e-02 6.667e-02 6.667e-02 6.667e-02 6.667e-02 6.667e-02 6.667e-02 6.667e-02 6.667e-02 6.667e-02 6.667e-02 6.667e-02 6.667e-02 6.667e-02 6.667e-02 6.667e-02 6.667e-02
6.667e-02 6.667e-02 6.667e-02 6.667e-02 6.667e-02 6.667e-02 6.667e-02 6.667e-02 6.667e-02 6.667e-02 6.667e-02 6.667e-02 6.667e-02 6.667e-02 6.667e-02 6.667e-02 6.667e-02 6.667e-02 6.667e-02 6.667e-02
6.667e-02 6.667e-02 6.667e-02 6.667e-02 6.667e-02 6.667e-02 6.667e-02 6.667e-02 6.667e-02 6.667e-02 6.667e-02 6.667e-02 6.667e-02 6.667e-02 6.667e-02 6.667e-02 6.667e-02 6.667e-02 6.667e-02 6.667e-02
0.000e+00 0.000e+00 0.000e+00 0.000e+00 0.000e+00 0.000e+00 0.000e+00 0.000e+00 0.000e+00 0.000e+00 0.000e+00 0.000e+00 0.000e+00 0.000e+00 0.000e+00 1.000e+00 0.000e+00 0.000e+00 0.000e+00 0.000e+00
0.000e+00 0.000e+00 0.000e+00 0.000e+00 0.000e+00 0.000e+00 0.000e+00 0.000e+00 0.000e+00 0.000e+00 0.000e+00 0.000e+00 0.000e+00 0.000e+00 0.000e+00 0.000e+00 1.000e+00 0.000e+00 0.000e+00 0.000e+00
0.000e+00 0.000e+00 0.000e+00 0.000e+00 0.000e+00 0.000e+00 0.000e+00 0.000e+00 0.000e+00 0.000e+00 0.000e+00 0.000e+00 0.000e+00 0.000e+00 0.000e+00 0.000e+00 0.000e+00 1.000e+00 0.000e+00 0.000e+00
0.000e+00 0.000e+00 0.000e+00 0.000e+00 0.000e+00 0.000e+00 0.000e+00 0.000e+00 0.000e+00 0.000e+00 0.000e+00 0.000e+00 0.000e+00 0.000e+00 0.000e+00 0.000e+00 0.000e+00 0.000e+00 1.000e+00 0.000e+00
0.000e+00 0.000e+00 0.000e+00 0.000e+00 0.000e+00 0.000e+00 0.000e+00 0.000e+00 0.000e+00 0.000e+00 0.000e+00 0.000e+00 0.000e+00 0.000e+00 0.000e+00 0.000e+00 0.000e+00 0.000e+00 0.000e+00 1.000e+00

9.451e-01 4.945e-02 2.747e-03 0.000e+00 0.000e+00 0.000e+00 0.000e+00 2.747e-03 0.000e+00 0.000e+00 0.000e+00 0.000e+00 0.000e+00 0.000e+00 0.000e+00 0.000e+00 0.000e+00 0.000e+00 0.000e+00 0.000e+00
6.389e-01 3.056e-01 0.000e+00 0.000e+00 0.000e+00 0.000e+00 0.000e+00 0.000e+00 0.000e+00 0.000e+00 0.000e+00 5.556e-02 0.000e+00 0.000e+00 0.000e+00 0.000e+00 0.000e+00 0.000e+00 0.000e+00 0.000e+00
1.000e+00 0.000e+00 0.000e+00 0.000e+00 0.000e+00 0.000e+00 0.000e+00 0.000e+00 0.000e+00 0.000e+00 0.000e+00 0.000e+00 0.000e+00 0.000e+00 0.000e+00 0.000e+00 0.000e+00 0.000e+00 0.000e+00 0.000e+00
6.667e-02 6.667e-02 6.667e-02 6.667e-02 6.667e-02 6.667e-02 6.667e-02 6.667e-02 6.667e-02 6.667e-02 6.667e-02 6.667e-02 6.667e-02 6.667e-02 6.667e-02 6.667e-02 6.667e-02 6.667e-02 6.667e-02 6.667e-02
0.000e+00 1.000e+00 0.000e+00 0.000e+00 0.000e+00 0.000e+00 0.000e+00 0.000e+00 0.000e+00 0.000e+00 0.000e+00 0.000e+00 0.000e+00 0.000e+00 0.000e+00 0.000e+00 0.000e+00 0.000e+00 0.000e+00 0.000e+00
6.667e-02 6.667e-02 6.667e-02 6.667e-02 6.667e-02 6.667e-02 6.667e-02 6.667e-02 6.667e-02 6.667e-02 6.667e-02 6.667e-02 6.667e-02 6.667e-02 6.667e-02 6.667e-02 6.667e-02 6.667e-02 6.667e-02 6.667e-02
6.667e-02 6.667e-02 6.667e-02 6.667e-02 6.667e-02 6.667e-02 6.667e-02 6.667e-02 6.667e-02 6.667e-02 6.667e-02 6.667e-02 6.667e-02 6.667e-02 6.667e-02 6.667e-02 6.667e-02 6.667e-02 6.667e-02 6.667e-02
1.000e+00 0.000e+00 0.000e+00 0.000e+00 0.000e+00 0.000e+00 0.000e+00 0.000e+00 0.000e+00 0.000e+00 0.000e+00 0.000e+00 0.000e+00 0.000e+00 0.000e+00 0.000e+00 0.000e+00 0.000e+00 0.000e+00 0.000e+00
6.667e-02 6.667e-02 6.667e-02 6.667e-02 6.667e-02 6.667e-02 6.667e-02 6.667e-02 6.667e-02 6.667e-02 6.667e-02 6.667e-02 6.667e-02 6.667e-02 6.667e-02 6.667e-02 6.667e-02 6.667e-02 6.667e-02 6.667e-02
6.667e-02 6.667e-02 6.667e-02 6.667e-02 6.667e-02 6.667e-02 6.667e-02 6.667e-02 6.667e-02 6.667e-02 6.667e-02 6.667e-02 6.667e-02 6.667e-02 6.667e-02 6.667e-02 6.667e-02 6.667e-02 6.667e-02 6.667e-02
6.667e-02 6.667e-02 6.667e-02 6.667e-02 6.667e-02 6.667e-02 6.667e-02 6.667e-02 6.667e-02 6.667e-02 6.667e-02 6.667e-02 6.667e-02 6.667e-02 6.667e-02 6.667e-02 6.667e-02 6.667e-02 6.667e-02 6.667e-02
0.000e+00 1.000e+00 0.000e+00 0.000e+00 0.000e+00 0.000e+00 0.000e+00 0.000e+00 0.000e+00 0.000e+00 0.000e+00 0.000e+00 0.000e+00 0.000e+00 0.000e+00 0.000e+00 0.000e+00 0.000e+00 0.000e+00 0.000e+00
6.667e-02 6.667e-02 6.667e-02 6.667e-02 6.667e-02 6.667e-02 6.667e-02 6.667e-02 6.667e-02 6.667e-02 6.667e-02 6.667e-02 6.667e-02 6.667e-02 6.667e-02 6.667e-02 6.667e-02 6.667e-02 6.667e-02 6.667e-02
6.667e-02 6.667e-02 6.667e-02 6.667e-02 6.667e-02 6.667e-02 6.667e-02 6.667e-02 6.667e-02 6.667e-02 6.667e-02 6.667e-02 6.667e-02 6.667e-02 6.667e-02 6.667e-02 6.667e-02 6.667e-02 6.667e-02 6.667e-02
6.667e-02 6.667e-02 6.667e-02 6.667e-02 6.667e-02 6.667e-02 6.667e-02 6.667e-02 6.667e-02 6.667e-02 6.667e-02 6.667e-02 6.667e-02 6.667e-02 6.667e-02 6.667e-02 6.667e-02 6.667e-02 6.667e-02 6.667e-02
0.000e+00 0.000e+00 0.000e+00 0.000e+00 0.000e+00 0.000e+00 0.000e+00 0.000e+00 0.000e+00 0.000e+00 0.000e+00 0.000e+00 0.000e+00 0.000e+00 0.000e+00 1.000e+00 0.000e+00 0.000e+00 0.000e+00 0.000e+00
0.000e+00 0.000e+00 0.000e+00 0.000e+00 0.000e+00 0.000e+00 0.000e+00 0.000e+00 0.000e+00 0.000e+00 0.000e+00 0.000e+00 0.000e+00 0.000e+00 0.000e+00 0.000e+00 1.000e+00 0.000e+00 0.000e+00 0.000e+00
0.000e+00 0.000e+00 0.000e+00 0.000e+00 0.000e+00 0.000e+00 0.000e+00 0.000e+00 0.000e+00 0.000e+00 0.000e+00 0.000e+00 0.000e+00 0.000e+00 0.000e+00 0.000e+00 0.000e+00 1.000e+00 0.000e+00 0.000e+00
0.000e+00 0.000e+00 0.000e+00 0.000e+00 0.000e+00 0.000e+00 0.000e+00 0.000e+00 0.000e+00 0.000e+00 0.000e+00 0.000e+00 0.000e+00 0.000e+00 0.000e+00 0.000e+00 0.000e+00 0.000e+00 1.000e+00 0.000e+00
1.000e+00 0.000e+00 0.000e+00 0.000e+00 0.000e+00 0.000e+00 0.000e+00 0.000e+00 0.000e+00 0.000e+00 0.000e+00 0.000e+00 0.000e+00 0.000e+00 0.000e+00 0.000e+00 0.000e+00 0.000e+00 0.000e+00 0.000e+00

9.245e-01 5.930e-02 0.000e+00 0.000e+00 5.391e-03 0.000e+00 0.000e+00 8.086e-03 0.000e+00 0.000e+00 0.000e+00 0.000e+00 0.000e+00 0.000e+00 0.000e+00 0.000e+00 0.000e+00 0.000e+00 0.000e+00 2.695e-03
4.839e-01 4.839e-01 0.000e+00 0.000e+00 0.000e+00 0.000e+00 0.000e+00 0.000e+00 0.000e+00 0.000e+00 0.000e+00 3.226e-02 0.000e+00 0.000e+00 0.000e+00 0.000e+00 0.000e+00 0.000e+00 0.000e+00 0.000e+00
1.000e+00 0.000e+00 0.000e+00 0.000e+00 0.000e+00 0.000e+00 0.000e+00 0.000e+00 0.000e+00 0.000e+00 0.000e+00 0.000e+00 0.000e+00 0.000e+00 0.000e+00 0.000e+00 0.000e+00 0.000e+00 0.000e+00 0.000e+00
6.667e-02 6.667e-02 6.667e-02 6.667e-02 6.667e-02 6.667e-02 6.667e-02 6.667e-02 6.667e-02 6.667e-02 6.667e-02 6.667e-02 6.667e-02 6.667e-02 6.667e-02 6.667e-02 6.667e-02 6.667e-02 6.667e-02 6.667e-02
6.667e-02 6.667e-02 6.667e-02 6.667e-02 6.667e-02 6.667e-02 6.667e-02 6.667e-02 6.667e-02 6.667e-02 6.667e-02 6.667e-02 6.667e-02 6.667e-02 6.667e-02 6.667e-02 6.667e-02 6.667e-02 6.667e-02 6.667e-02
6.667e-02 6.667e-02 6.667e-02 6.667e-02 6.667e-02 6.667e-02 6.667e-02 6.667e-02 6.667e-02 6.667e-02 6.667e-02 6.667e-02 6.667e-02 6.667e-02 6.667e-02 6.667e-02 6.667e-02 6.667e-02 6.667e-02 6.667e-02
6.667e-02 6.667e-02 6.667e-02 6.667e-02 6.667e-02 6.667e-02 6.667e-02 6.667e-02 6.667e-02 6.667e-02 6.667e-02 6.667e-02 6.667e-02 6.667e-02 6.667e-02 6.667e-02 6.667e-02 6.667e-02 6.667e-02 6.667e-02
0.000e+00 1.000e+00 0.000e+00 0.000e+00 0.000e+00 0.000e+00 0.000e+00 0.000e+00 0.000e+00 0.000e+00 0.000e+00 0.000e+00 0.000e+00 0.000e+00 0.000e+00 0.000e+00 0.000e+00 0.000e+00 0.000e+00 0.000e+00
6.667e-02 6.667e-02 6.667e-02 6.667e-02 6.667e-02 6.667e-02 6.667e-02 6.667e-02 6.667e-02 6.667e-02 6.667e-02 6.667e-02 6.667e-02 6.667e-02 6.667e-02 6.667e-02 6.667e-02 6.667e-02 6.667e-02 6.667e-02
6.667e-02 6.667e-02 6.667e-02 6.667e-02 6.667e-02 6.667e-02 6.667e-02 6.667e-02 6.667e-02 6.667e-02 6.667e-02 6.667e-02 6.667e-02 6.667e-02 6.667e-02 6.667e-02 6.667e-02 6.667e-02 6.667e-02 6.667e-02
6.667e-02 6.667e-02 6.667e-02 6.667e-02 6.667e-02 6.667e-02 6.667e-02 6.667e-02 6.667e-02 6.667e-02 6.667e-02 6.667e-02 6.667e-02 6.667e-02 6.667e-02 6.667e-02 6.667e-02 6.667e-02 6.667e-02 6.667e-02
0.000e+00 1.000e+00 0.000e+00 0.000e+00 0.000e+00 0.000e+00 0.000e+00 0.000e+00 0.000e+00 0.000e+00 0.000e+00 0.000e+00 0.000e+00 0.000e+00 0.000e+00 0.000e+00 0.000e+00 0.000e+00 0.000e+00 0.000e+00
6.667e-02 6.667e-02 6.667e-02 6.667e-02 6.667e-02 6.667e-02 6.667e-02 6.667e-02 6.667e-02 6.667e-02 6.667e-02 6.667e-02 6.667e-02 6.667e-02 6.667e-02 6.667e-02 6.667e-02 6.667e-02 6.667e-02 6.667e-02
6.667e-02 6.667e-02 6.667e-02 6.667e-02 6.667e-02 6.667e-02 6.667e-02 6.667e-02 6.667e-02 6.667e-02 6.667e-02 6.667e-02 6.667e-02 6.667e-02 6.667e-02 6.667e-02 6.667e-02 6.667e-02 6.667e-02 6.667e-02
6.667e-02 6.667e-02 6.667e-02 6.667e-02 6.667e-02 6.667e-02 6.667e-02 6.667e-02 6.667e-02 6.667e-02 6.667e-02 6.667e-02 6.667e-02 6.667e-02 6.667e-02 6.667e-02 6.667e-02 6.667e-02 6.667e-02 6.667e-02
0.000e+00 0.000e+00 0.000e+00 0.000e+00 0.000e+00 0.000e+00 0.000e+00 0.000e+00 0.000e+00 0.000e+00 0.000e+00 0.000e+00 0.000e+00 0.000e+00 0.000e+00 1.000e+00 0.000e+00 0.000e+00 0.000e+00 0.000e+00
0.000e+00 0.000e+00 0.000e+00 0.000e+00 0.000e+00 0.000e+00 0.000e+00 0.000e+00 0.000e+00 0.000e+00 0.000e+00 0.000e+00 0.000e+00 0.000e+00 0.000e+00 0.000e+00 1.000e+00 0.000e+00 0.000e+00 0.000e+00
0.000e+00 0.000e+00 0.000e+00 0.000e+00 0.000e+00 0.000e+00 0.000e+00 0.000e+00 0.000e+00 0.000e+00 0.000e+00 0.000e+00 0.000e+00 0.000e+00 0.000e+00 0.000e+00 0.000e+00 1.000e+00 0.000e+00 0.000e+00
0.000e+00 0.000e+00 0.000e+00 0.000e+00 0.000e+00 0.000e+00 0.000e+00 0.000e+00 0.000e+00 0.000e+00 0.000e+00 0.000e+00 0.000e+00 0.000e+00 0.000e+00 0.000e+00 0.000e+00 0.000e+00 1.000e+00 0.000e+00
0.000e+00 0.000e+00 0.000e+00 0.000e+00 0.000e+00 0.000e+00 0.000e+00 0.000e+00 0.000e+00 0.000e+00 0.000e+00 0.000e+00 0.000e+00 0.000e+00 0.000e+00 0.000e+00 0.000e+00 0.000e+00 0.000e+00 1.000e+00

9.499e-01 4.178e-02 5.571e-03 0.000e+00 0.000e+00 0.000e+00 0.000e+00 0.000e+00 0.000e+00 0.000e+00 0.000e+00 0.000e+00 0.000e+00 0.000e+00 0.000e+00 0.000e+00 2.786e-03 0.000e+00 0.000e+00 0.000e+00
6.250e-01 2.250e-01 5.000e-02 7.500e-02 0.000e+00 0.000e+00 0.000e+00 0.000e+00 0.000e+00 0.000e+00 0.000e+00 0.000e+00 0.000e+00 0.000e+00 0.000e+00 0.000e+00 2.500e-02 0.000e+00 0.000e+00 0.000e+00
6.667e-02 6.667e-02 6.667e-02 6.667e-02 6.667e-02 6.667e-02 6.667e-02 6.667e-02 6.667e-02 6.667e-02 6.667e-02 6.667e-02 6.667e-02 6.667e-02 6.667e-02 6.667e-02 6.667e-02 6.667e-02 6.667e-02 6.667e-02
6.667e-02 6.667e-02 6.667e-02 6.667e-02 6.667e-02 6.667e-02 6.667e-02 6.667e-02 6.667e-02 6.667e-02 6.667e-02 6.667e-02 6.667e-02 6.667e-02 6.667e-02 6.667e-02 6.667e-02 6.667e-02 6.667e-02 6.667e-02
0.000e+00 5.000e-01 0.000e+00 0.000e+00 5.000e-01 0.000e+00 0.000e+00 0.000e+00 0.000e+00 0.000e+00 0.000e+00 0.000e+00 0.000e+00 0.000e+00 0.000e+00 0.000e+00 0.000e+00 0.000e+00 0.000e+00 0.000e+00
6.667e-02 6.667e-02 6.667e-02 6.667e-02 6.667e-02 6.667e-02 6.667e-02 6.667e-02 6.667e-02 6.667e-02 6.667e-02 6.667e-02 6.667e-02 6.667e-02 6.667e-02 6.667e-02 6.667e-02 6.667e-02 6.667e-02 6.667e-02
6.667e-02 6.667e-02 6.667e-02 6.667e-02 6.667e-02 6.667e-02 6.667e-02 6.667e-02 6.667e-02 6.667e-02 6.667e-02 6.667e-02 6.667e-02 6.667e-02 6.667e-02 6.667e-02 6.667e-02 6.667e-02 6.667e-02 6.667e-02
1.000e+00 0.000e+00 0.000e+00 0.000e+00 0.000e+00 0.000e+00 0.000e+00 0.000e+00 0.000e+00 0.000e+00 0.000e+00 0.000e+00 0.000e+00 0.000e+00 0.000e+00 0.000e+00 0.000e+00 0.000e+00 0.000e+00 0.000e+00
6.667e-02 6.667e-02 6.667e-02 6.667e-02 6.667e-02 6.667e-02 6.667e-02 6.667e-02 6.667e-02 6.667e-02 6.667e-02 6.667e-02 6.667e-02 6.667e-02 6.667e-02 6.667e-02 6.667e-02 6.667e-02 6.667e-02 6.667e-02
6.667e-02 6.667e-02 6.667e-02 6.667e-02 6.667e-02 6.667e-02 6.667e-02 6.667e-02 6.667e-02 6.667e-02 6.667e-02 6.667e-02 6.667e-02 6.667e-02 6.667e-02 6.667e-02 6.667e-02 6.667e-02 6.667e-02 6.667e-02
6.667e-02 6.667e-02 6.667e-02 6.667e-02 6.667e-02 6.667e-02 6.667e-02 6.667e-02 6.667e-02 6.667e-02 6.667e-02 6.667e-02 6.667e-02 6.667e-02 6.667e-02 6.667e-02 6.667e-02 6.667e-02 6.667e-02 6.667e-02
1.000e+00 0.000e+00 0.000e+00 0.000e+00 0.000e+00 0.000e+00 0.000e+00 0.000e+00 0.000e+00 0.000e+00 0.000e+00 0.000e+00 0.000e+00 0.000e+00 0.000e+00 0.000e+00 0.000e+00 0.000e+00 0.000e+00 0.000e+00
6.667e-02 6.667e-02 6.667e-02 6.667e-02 6.667e-02 6.667e-02 6.667e-02 6.667e-02 6.667e-02 6.667e-02 6.667e-02 6.667e-02 6.667e-02 6.667e-02 6.667e-02 6.667e-02 6.667e-02 6.667e-02 6.667e-02 6.667e-02
6.667e-02 6.667e-02 6.667e-02 6.667e-02 6.667e-02 6.667e-02 6.667e-02 6.667e-02 6.667e-02 6.667e-02 6.667e-02 6.667e-02 6.667e-02 6.667e-02 6.667e-02 6.667e-02 6.667e-02 6.667e-02 6.667e-02 6.667e-02
6.667e-02 6.667e-02 6.667e-02 6.667e-02 6.667e-02 6.667e-02 6.667e-02 6.667e-02 6.667e-02 6.667e-02 6.667e-02 6.667e-02 6.667e-02 6.667e-02 6.667e-02 6.667e-02 6.667e-02 6.667e-02 6.667e-02 6.667e-02
0.000e+00 0.000e+00 0.000e+00 0.000e+00 0.000e+00 0.000e+00 0.000e+00 0.000e+00 0.000e+00 0.000e+00 0.000e+00 0.000e+00 0.000e+00 0.000e+00 0.000e+00 1.000e+00 0.000e+00 0.000e+00 0.000e+00 0.000e+00
0.000e+00 0.000e+00 0.000e+00 0.000e+00 0.000e+00 0.000e+00 0.000e+00 0.000e+00 0.000e+00 0.000e+00 0.000e+00 0.000e+00 0.000e+00 0.000e+00 0.000e+00 0.000e+00 1.000e+00 0.000e+00 0.000e+00 0.000e+00
0.000e+00 0.000e+00 0.000e+00 0.000e+00 0.000e+00 0.000e+00 0.000e+00 0.000e+00 0.000e+00 0.000e+00 0.000e+00 0.000e+00 0.000e+00 0.000e+00 0.000e+00 0.000e+00 0.000e+00 1.000e+00 0.000e+00 0.000e+00
0.000e+00 0.000e+00 0.000e+00 0.000e+00 0.000e+00 0.000e+00 0.000e+00 0.000e+00 0.000e+00 0.000e+00 0.000e+00 0.000e+00 0.000e+00 0.000e+00 0.000e+00 0.000e+00 0.000e+00 0.000e+00 1.000e+00 0.000e+00
1.000e+00 0.000e+00 0.000e+00 0.000e+00 0.000e+00 0.000e+00 0.000e+00 0.000e+00 0.000e+00 0.000e+00 0.000e+00 0.000e+00 0.000e+00 0.000e+00 0.000e+00 0.000e+00 0.000e+00 0.000e+00 0.000e+00 0.000e+00

9.380e-01 6.199e-02 0.000e+00 0.000e+00 0.000e+00 0.000e+00 0.000e+00 0.000e+00 0.000e+00 0.000e+00 0.000e+00 0.000e+00 0.000e+00 0.000e+00 0.000e+00 0.000e+00 0.000e+00 0.000e+00 0.000e+00 0.000e+00
4.800e-01 5.200e-01 0.000e+00 0.000e+00 0.000e+00 0.000e+00 0.000e+00 0.000e+00 0.000e+00 0.000e+00 0.000e+00 0.000e+00 0.000e+00 0.000e+00 0.000e+00 0.000e+00 0.000e+00 0.000e+00 0.000e+00 0.000e+00
7.500e-01 0.000e+00 0.000e+00 2.500e-01 0.000e+00 0.000e+00 0.000e+00 0.000e+00 0.000e+00 0.000e+00 0.000e+00 0.000e+00 0.000e+00 0.000e+00 0.000e+00 0.000e+00 0.000e+00 0.000e+00 0.000e+00 0.000e+00
3.333e-01 3.333e-01 0.000e+00 3.333e-01 0.000e+00 0.000e+00 0.000e+00 0.000e+00 0.000e+00 0.000e+00 0.000e+00 0.000e+00 0.000e+00 0.000e+00 0.000e+00 0.000e+00 0.000e+00 0.000e+00 0.000e+00 0.000e+00
1.000e+00 0.000e+00 0.000e+00 0.000e+00 0.000e+00 0.000e+00 0.000e+00 0.000e+00 0.000e+00 0.000e+00 0.000e+00 0.000e+00 0.000e+00 0.000e+00 0.000e+00 0.000e+00 0.000e+00 0.000e+00 0.000e+00 0.000e+00
6.667e-02 6.667e-02 6.667e-02 6.667e-02 6.667e-02 6.667e-02 6.667e-02 6.667e-02 6.667e-02 6.667e-02 6.667e-02 6.667e-02 6.667e-02 6.667e-02 6.667e-02 6.667e-02 6.667e-02 6.667e-02 6.667e-02 6.667e-02
6.667e-02 6.667e-02 6.667e-02 6.667e-02 6.667e-02 6.667e-02 6.667e-02 6.667e-02 6.667e-02 6.667e-02 6.667e-02 6.667e-02 6.667e-02 6.667e-02 6.667e-02 6.667e-02 6.667e-02 6.667e-02 6.667e-02 6.667e-02
6.667e-02 6.667e-02 6.667e-02 6.667e-02 6.667e-02 6.667e-02 6.667e-02 6.667e-02 6.667e-02 6.667e-02 6.667e-02 6.667e-02 6.667e-02 6.667e-02 6.667e-02 6.667e-02 6.667e-02 6.667e-02 6.667e-02 6.667e-02
6.667e-02 6.667e-02 6.667e-02 6.667e-02 6.667e-02 6.667e-02 6.667e-02 6.667e-02 6.667e-02 6.667e-02 6.667e-02 6.667e-02 6.667e-02 6.667e-02 6.667e-02 6.667e-02 6.667e-02 6.667e-02 6.667e-02 6.667e-02
6.667e-02 6.667e-02 6.667e-02 6.667e-02 6.667e-02 6.667e-02 6.667e-02 6.667e-02 6.667e-02 6.667e-02 6.667e-02 6.667e-02 6.667e-02 6.667e-02 6.667e-02 6.667e-02 6.667e-02 6.667e-02 6.667e-02 6.667e-02
6.667e-02 6.667e-02 6.667e-02 6.667e-02 6.667e-02 6.667e-02 6.667e-02 6.667e-02 6.667e-02 6.667e-02 6.667e-02 6.667e-02 6.667e-02 6.667e-02 6.667e-02 6.667e-02 6.667e-02 6.667e-02 6.667e-02 6.667e-02
6.667e-02 6.667e-02 6.667e-02 6.667e-02 6.667e-02 6.667e-02 6.667e-02 6.667e-02 6.667e-02 6.667e-02 6.667e-02 6.667e-02 6.667e-02 6.667e-02 6.667e-02 6.667e-02 6.667e-02 6.667e-02 6.667e-02 6.667e-02
6.667e-02 6.667e-02 6.667e-02 6.667e-02 6.667e-02 6.667e-02 6.667e-02 6.667e-02 6.667e-02 6.667e-02 6.667e-02 6.667e-02 6.667e-02 6.667e-02 6.667e-02 6.667e-02 6.667e-02 6.667e-02 6.667e-02 6.667e-02
6.667e-02 6.667e-02 6.667e-02 6.667e-02 6.667e-02 6.667e-02 6.667e-02 6.667e-02 6.667e-02 6.667e-02 6.667e-02 6.667e-02 6.667e-02 6.667e-02 6.667e-02 6.667e-02 6.667e-02 6.667e-02 6.667e-02 6.667e-02
6.667e-02 6.667e-02 6.667e-02 6.667e-02 6.667e-02 6.667e-02 6.667e-02 6.667e-02 6.667e-02 6.667e-02 6.667e-02 6.667e-02 6.667e-02 6.667e-02 6.667e-02 6.667e-02 6.667e-02 6.667e-02 6.667e-02 6.667e-02
0.000e+00 0.000e+00 0.000e+00 0.000e+00 0.000e+00 0.000e+00 0.000e+00 0.000e+00 0.000e+00 0.000e+00 0.000e+00 0.000e+00 0.000e+00 0.000e+00 0.000e+00 1.000e+00 0.000e+00 0.000e+00 0.000e+00 0.000e+00
5.000e-01 0.000e+00 0.000e+00 0.000e+00 5.000e-01 0.000e+00 0.000e+00 0.000e+00 0.000e+00 0.000e+00 0.000e+00 0.000e+00 0.000e+00 0.000e+00 0.000e+00 0.000e+00 0.000e+00 0.000e+00 0.000e+00 0.000e+00
0.000e+00 0.000e+00 0.000e+00 0.000e+00 0.000e+00 0.000e+00 0.000e+00 0.000e+00 0.000e+00 0.000e+00 0.000e+00 0.000e+00 0.000e+00 0.000e+00 0.000e+00 0.000e+00 0.000e+00 1.000e+00 0.000e+00 0.000e+00
0.000e+00 0.000e+00 0.000e+00 0.000e+00 0.000e+00 0.000e+00 0.000e+00 0.000e+00 0.000e+00 0.000e+00 0.000e+00 0.000e+00 0.000e+00 0.000e+00 0.000e+00 0.000e+00 0.000e+00 0.000e+00 1.000e+00 0.000e+00
0.000e+00 0.000e+00 0.000e+00 0.000e+00 0.000e+00 0.000e+00 0.000e+00 0.000e+00 0.000e+00 0.000e+00 0.000e+00 0.000e+00 0.000e+00 0.000e+00 0.000e+00 0.000e+00 0.000e+00 0.000e+00 0.000e+00 1.000e+00

9.235e-01 6.557e-02 0.000e+00 5.464e-03 2.732e-03 0.000e+00 0.000e+00 2.732e-03 0.000e+00 0.000e+00 0.000e+00 0.000e+00 0.000e+00 0.000e+00 0.000e+00 0.000e+00 0.000e+00 0.000e+00 0.000e+00 0.000e+00
5.946e-01 4.054e-01 0.000e+00 0.000e+00 0.000e+00 0.000e+00 0.000e+00 0.000e+00 0.000e+00 0.000e+00 0.000e+00 0.000e+00 0.000e+00 0.000e+00 0.000e+00 0.000e+00 0.000e+00 0.000e+00 0.000e+00 0.000e+00
6.667e-02 6.667e-02 6.667e-02 6.667e-02 6.667e-02 6.667e-02 6.667e-02 6.667e-02 6.667e-02 6.667e-02 6.667e-02 6.667e-02 6.667e-02 6.667e-02 6.667e-02 6.667e-02 6.667e-02 6.667e-02 6.667e-02 6.667e-02
5.000e-01 5.000e-01 0.000e+00 0.000e+00 0.000e+00 0.000e+00 0.000e+00 0.000e+00 0.000e+00 0.000e+00 0.000e+00 0.000e+00 0.000e+00 0.000e+00 0.000e+00 0.000e+00 0.000e+00 0.000e+00 0.000e+00 0.000e+00
1.000e+00 0.000e+00 0.000e+00 0.000e+00 0.000e+00 0.000e+00 0.000e+00 0.000e+00 0.000e+00 0.000e+00 0.000e+00 0.000e+00 0.000e+00 0.000e+00 0.000e+00 0.000e+00 0.000e+00 0.000e+00 0.000e+00 0.000e+00
6.667e-02 6.667e-02 6.667e-02 6.667e-02 6.667e-02 6.667e-02 6.667e-02 6.667e-02 6.667e-02 6.667e-02 6.667e-02 6.667e-02 6.667e-02 6.667e-02 6.667e-02 6.667e-02 6.667e-02 6.667e-02 6.667e-02 6.667e-02
6.667e-02 6.667e-02 6.667e-02 6.667e-02 6.667e-02 6.667e-02 6.667e-02 6.667e-02 6.667e-02 6.667e-02 6.667e-02 6.667e-02 6.667e-02 6.667e-02 6.667e-02 6.667e-02 6.667e-02 6.667e-02 6.667e-02 6.667e-02
6.667e-02 6.667e-02 6.667e-02 6.667e-02 6.667e-02 6.667e-02 6.667e-02 6.667e-02 6.667e-02 6.667e-02 6.667e-02 6.667e-02 6.667e-02 6.667e-02 6.667e-02 6.667e-02 6.667e-02 6.667e-02 6.667e-02 6.667e-02
6.667e-02 6.667e-02 6.667e-02 6.667e-02 6.667e-02 6.667e-02 6.667e-02 6.667e-02 6.667e-02 6.667e-02 6.667e-02 6.667e-02 6.667e-02 6.667e-02 6.667e-02 6.667e-02 6.667e-02 6.667e-02 6.667e-02 6.667e-02
6.667e-02 6.667e-02 6.667e-02 6.667e-02 6.667e-02 6.667e-02 6.667e-02 6.667e-02 6.667e-02 6.667e-02 6.667e-02 6.667e-02 6.667e-02 6.667e-02 6.667e-02 6.667e-02 6.667e-02 6.667e-02 6.667e-02 6.667e-02
6.667e-02 6.667e-02 6.667e-02 6.667e-02 6.667e-02 6.667e-02 6.667e-02 6.667e-02 6.667e-02 6.667e-02 6.667e-02 6.667e-02 6.667e-02 6.667e-02 6.667e-02 6.667e-02 6.667e-02 6.667e-02 6.667e-02 6.667e-02
6.667e-02 6.667e-02 6.667e-02 6.667e-02 6.667e-02 6.667e-02 6.667e-02 6.667e-02 6.667e-02 6.667e-02 6.667e-02 6.667e-02 6.667e-02 6.667e-02 6.667e-02 6.667e-02 6.667e-02 6.667e-02 6.667e-02 6.667e-02
6.667e-02 6.667e-02 6.667e-02 6.667e-02 6.667e-02 6.667e-02 6.667e-02 6.667e-02 6.667e-02 6.667e-02 6.667e-02 6.667e-02 6.667e-02 6.667e-02 6.667e-02 6.667e-02 6.667e-02 6.667e-02 6.667e-02 6.667e-02
6.667e-02 6.667e-02 6.667e-02 6.667e-02 6.667e-02 6.667e-02 6.667e-02 6.667e-02 6.667e-02 6.667e-02 6.667e-02 6.667e-02 6.667e-02 6.667e-02 6.667e-02 6.667e-02 6.667e-02 6.667e-02 6.667e-02 6.667e-02
6.667e-02 6.667e-02 6.667e-02 6.667e-02 6.667e-02 6.667e-02 6.667e-02 6.667e-02 6.667e-02 6.667e-02 6.667e-02 6.667e-02 6.667e-02 6.667e-02 6.667e-02 6.667e-02 6.667e-02 6.667e-02 6.667e-02 6.667e-02
0.000e+00 0.000e+00 0.000e+00 0.000e+00 0.000e+00 0.000e+00 0.000e+00 0.000e+00 0.000e+00 0.000e+00 0.000e+00 0.000e+00 0.000e+00 0.000e+00 0.000e+00 1.000e+00 0.000e+00 0.000e+00 0.000e+00 0.000e+00
0.000e+00 0.000e+00 0.000e+00 0.000e+00 0.000e+00 0.000e+00 0.000e+00 0.000e+00 0.000e+00 0.000e+00 0.000e+00 0.000e+00 0.000e+00 0.000e+00 0.000e+00 0.000e+00 1.000e+00 0.000e+00 0.000e+00 0.000e+00
0.000e+00 0.000e+00 0.000e+00 0.000e+00 0.000e+00 0.000e+00 0.000e+00 0.000e+00 0.000e+00 0.000e+00 0.000e+00 0.000e+00 0.000e+00 0.000e+00 0.000e+00 0.000e+00 0.000e+00 1.000e+00 0.000e+00 0.000e+00
0.000e+00 0.000e+00 0.000e+00 0.000e+00 0.000e+00 0.000e+00 0.000e+00 0.000e+00 0.000e+00 0.000e+00 0.000e+00 0.000e+00 0.000e+00 0.000e+00 0.000e+00 0.000e+00 0.000e+00 0.000e+00 1.000e+00 0.000e+00
0.000e+00 0.000e+00 0.000e+00 0.000e+00 0.000e+00 0.000e+00 0.000e+00 0.000e+00 0.000e+00 0.000e+00 0.000e+00 0.000e+00 0.000e+00 0.000e+00 0.000e+00 0.000e+00 0.000e+00 0.000e+00 0.000e+00 1.000e+00

9.475e-01 4.420e-02 0.000e+00 2.762e-03 0.000e+00 0.000e+00 0.000e+00 2.762e-03 0.000e+00 0.000e+00 0.000e+00 0.000e+00 0.000e+00 0.000e+00 0.000e+00 0.000e+00 2.762e-03 0.000e+00 0.000e+00 0.000e+00
7.750e-01 2.000e-01 0.000e+00 0.000e+00 0.000e+00 0.000e+00 0.000e+00 2.500e-02 0.000e+00 0.000e+00 0.000e+00 0.000e+00 0.000e+00 0.000e+00 0.000e+00 0.000e+00 0.000e+00 0.000e+00 0.000e+00 0.000e+00
6.667e-02 6.667e-02 6.667e-02 6.667e-02 6.667e-02 6.667e-02 6.667e-02 6.667e-02 6.667e-02 6.667e-02 6.667e-02 6.667e-02 6.667e-02 6.667e-02 6.667e-02 6.667e-02 6.667e-02 6.667e-02 6.667e-02 6.667e-02
1.000e+00 0.000e+00 0.000e+00 0.000e+00 0.000e+00 0.000e+00 0.000e+00 0.000e+00 0.000e+00 0.000e+00 0.000e+00 0.000e+00 0.000e+00 0.000e+00 0.000e+00 0.000e+00 0.000e+00 0.000e+00 0.000e+00 0.000e+00
1.000e+00 0.000e+00 0.000e+00 0.000e+00 0.000e+00 0.000e+00 0.000e+00 0.000e+00 0.000e+00 0.000e+00 0.000e+00 0.000e+00 0.000e+00 0.000e+00 0.000e+00 0.000e+00 0.000e+00 0.000e+00 0.000e+00 0.000e+00
6.667e-02 6.667e-02 6.667e-02 6.667e-02 6.667e-02 6.667e-02 6.667e-02 6.667e-02 6.667e-02 6.667e-02 6.667e-02 6.667e-02 6.667e-02 6.667e-02 6.667e-02 6.667e-02 6.667e-02 6.667e-02 6.667e-02 6.667e-02
6.667e-02 6.667e-02 6.667e-02 6.667e-02 6.667e-02 6.667e-02 6.667e-02 6.667e-02 6.667e-02 6.667e-02 6.667e-02 6.667e-02 6.667e-02 6.667e-02 6.667e-02 6.667e-02 6.667e-02 6.667e-02 6.667e-02 6.667e-02
1.000e+00 0.000e+00 0.000e+00 0.000e+00 0.000e+00 0.000e+00 0.000e+00 0.000e+00 0.000e+00 0.000e+00 0.000e+00 0.000e+00 0.000e+00 0.000e+00 0.000e+00 0.000e+00 0.000e+00 0.000e+00 0.000e+00 0.000e+00
6.667e-02 6.667e-02 6.667e-02 6.667e-02 6.667e-02 6.667e-02 6.667e-02 6.667e-02 6.667e-02 6.667e-02 6.667e-02 6.667e-02 6.667e-02 6.667e-02 6.667e-02 6.667e-02 6.667e-02 6.667e-02 6.667e-02 6.667e-02
6.667e-02 6.667e-02 6.667e-02 6.667e-02 6.667e-02 6.667e-02 6.667e-02 6.667e-02 6.667e-02 6.667e-02 6.667e-02 6.667e-02 6.667e-02 6.667e-02 6.667e-02 6.667e-02 6.667e-02 6.667e-02 6.667e-02 6.667e-02
6.667e-02 6.667e-02 6.667e-02 6.667e-02 6.667e-02 6.667e-02 6.667e-02 6.667e-02 6.667e-02 6.667e-02 6.667e-02 6.667e-02 6.667e-02 6.667e-02 6.667e-02 6.667e-02 6.667e-02 6.667e-02 6.667e-02 6.667e-02
6.667e-02 6.667e-02 6.667e-02 6.667e-02 6.667e-02 6.667e-02 6.667e-02 6.667e-02 6.667e-02 6.667e-02 6.667e-02 6.667e-02 6.667e-02 6.667e-02 6.667e-02 6.667e-02 6.667e-02 6.667e-02 6.667e-02 6.667e-02
6.667e-02 6.667e-02 6.667e-02 6.667e-02 6.667e-02 6.667e-02 6.667e-02 6.667e-02 6.667e-02 6.667e-02 6.667e-02 6.667e-02 6.667e-02 6.667e-02 6.667e-02 6.667e-02 6.667e-02 6.667e-02 6.667e-02 6.667e-02
6.667e-02 6.667e-02 6.667e-02 6.667e-02 6.667e-02 6.667e-02 6.667e-02 6.667e-02 6.667e-02 6.667e-02 6.667e-02 6.667e-02 6.667e-02 6.667e-02 6.667e-02 6.667e-02 6.667e-02 6.667e-02 6.667e-02 6.667e-02
6.667e-02 6.667e-02 6.667e-02 6.667e-02 6.667e-02 6.667e-02 6.667e-02 6.667e-02 6.667e-02 6.667e-02 6.667e-02 6.667e-02 6.667e-02 6.667e-02 6.667e-02 6.667e-02 6.667e-02 6.667e-02 6.667e-02 6.667e-02
0.000e+00 0.000e+00 0.000e+00 0.000e+00 0.000e+00 0.000e+00 0.000e+00 0.000e+00 0.000e+00 0.000e+00 0.000e+00 0.000e+00 0.000e+00 0.000e+00 0.000e+00 1.000e+00 0.000e+00 0.000e+00 0.000e+00 0.000e+00
0.000e+00 0.000e+00 0.000e+00 0.000e+00 0.000e+00 0.000e+00 0.000e+00 0.000e+00 0.000e+00 0.000e+00 0.000e+00 0.000e+00 0.000e+00 0.000e+00 0.000e+00 0.000e+00 1.000e+00 0.000e+00 0.000e+00 0.000e+00
0.000e+00 0.000e+00 0.000e+00 0.000e+00 0.000e+00 0.000e+00 0.000e+00 0.000e+00 0.000e+00 0.000e+00 0.000e+00 0.000e+00 0.000e+00 0.000e+00 0.000e+00 0.000e+00 0.000e+00 1.000e+00 0.000e+00 0.000e+00
0.000e+00 0.000e+00 0.000e+00 0.000e+00 0.000e+00 0.000e+00 0.000e+00 0.000e+00 0.000e+00 0.000e+00 0.000e+00 0.000e+00 0.000e+00 0.000e+00 0.000e+00 0.000e+00 0.000e+00 0.000e+00 1.000e+00 0.000e+00
0.000e+00 0.000e+00 0.000e+00 0.000e+00 0.000e+00 0.000e+00 0.000e+00 0.000e+00 0.000e+00 0.000e+00 0.000e+00 0.000e+00 0.000e+00 0.000e+00 0.000e+00 0.000e+00 0.000e+00 0.000e+00 0.000e+00 1.000e+00

9.286e-01 6.349e-02 0.000e+00 0.000e+00 5.291e-03 0.000e+00 0.000e+00 2.646e-03 0.000e+00 0.000e+00 0.000e+00 0.000e+00 0.000e+00 0.000e+00 0.000e+00 0.000e+00 0.000e+00 0.000e+00 0.000e+00 0.000e+00
5.833e-01 4.167e-01 0.000e+00 0.000e+00 0.000e+00 0.000e+00 0.000e+00 0.000e+00 0.000e+00 0.000e+00 0.000e+00 0.000e+00 0.000e+00 0.000e+00 0.000e+00 0.000e+00 0.000e+00 0.000e+00 0.000e+00 0.000e+00
6.667e-02 6.667e-02 6.667e-02 6.667e-02 6.667e-02 6.667e-02 6.667e-02 6.667e-02 6.667e-02 6.667e-02 6.667e-02 6.667e-02 6.667e-02 6.667e-02 6.667e-02 6.667e-02 6.667e-02 6.667e-02 6.667e-02 6.667e-02
1.000e+00 0.000e+00 0.000e+00 0.000e+00 0.000e+00 0.000e+00 0.000e+00 0.000e+00 0.000e+00 0.000e+00 0.000e+00 0.000e+00 0.000e+00 0.000e+00 0.000e+00 0.000e+00 0.000e+00 0.000e+00 0.000e+00 0.000e+00
6.667e-02 6.667e-02 6.667e-02 6.667e-02 6.667e-02 6.667e-02 6.667e-02 6.667e-02 6.667e-02 6.667e-02 6.667e-02 6.667e-02 6.667e-02 6.667e-02 6.667e-02 6.667e-02 6.667e-02 6.667e-02 6.667e-02 6.667e-02
6.667e-02 6.667e-02 6.667e-02 6.667e-02 6.667e-02 6.667e-02 6.667e-02 6.667e-02 6.667e-02 6.667e-02 6.667e-02 6.667e-02 6.667e-02 6.667e-02 6.667e-02 6.667e-02 6.667e-02 6.667e-02 6.667e-02 6.667e-02
6.667e-02 6.667e-02 6.667e-02 6.667e-02 6.667e-02 6.667e-02 6.667e-02 6.667e-02 6.667e-02 6.667e-02 6.667e-02 6.667e-02 6.667e-02 6.667e-02 6.667e-02 6.667e-02 6.667e-02 6.667e-02 6.667e-02 6.667e-02
5.000e-01 5.000e-01 0.000e+00 0.000e+00 0.000e+00 0.000e+00 0.000e+00 0.000e+00 0.000e+00 0.000e+00 0.000e+00 0.000e+00 0.000e+00 0.000e+00 0.000e+00 0.000e+00 0.000e+00 0.000e+00 0.000e+00 0.000e+00
6.667e-02 6.667e-02 6.667e-02 6.667e-02 6.667e-02 6.667e-02 6.667e-02 6.667e-02 6.667e-02 6.667e-02 6.667e-02 6.667e-02 6.667e-02 6.667e-02 6.667e-02 6.667e-02 6.667e-02 6.667e-02 6.667e-02 6.667e-02
6.667e-02 6.667e-02 6.667e-02 6.667e-02 6.667e-02 6.667e-02 6.667e-02 6.667e-02 6.667e-02 6.667e-02 6.667e-02 6.667e-02 6.667e-02 6.667e-02 6.667e-02 6.667e-02 6.667e-02 6.667e-02 6.667e-02 6.667e-02
6.667e-02 6.667e-02 6.667e-02 6.667e-02 6.667e-02 6.667e-02 6.667e-02 6.667e-02 6.667e-02 6.667e-02 6.667e-02 6.667e-02 6.667e-02 6.667e-02 6.667e-02 6.667e-02 6.667e-02 6.667e-02 6.667e-02 6.667e-02
6.667e-02 6.667e-02 6.667e-02 6.667e-02 6.667e-02 6.667e-02 6.667e-02 6.667e-02 6.667e-02 6.667e-02 6.667e-02 6.667e-02 6.667e-02 6.667e-02 6.667e-02 6.667e-02 6.667e-02 6.667e-02 6.667e-02 6.667e-02
6.667e-02 6.667e-02 6.667e-02 6.667e-02 6.667e-02 6.667e-02 6.667e-02 6.667e-02 6.667e-02 6.667e-02 6.667e-02 6.667e-02 6.667e-02 6.667e-02 6.667e-02 6.667e-02 6.667e-02 6.667e-02 6.667e-02 6.667e-02
6.667e-02 6.667e-02 6.667e-02 6.667e-02 6.667e-02 6.667e-02 6.667e-02 6.667e-02 6.667e-02 6.667e-02 6.667e-02 6.667e-02 6.667e-02 6.667e-02 6.667e-02 6.667e-02 6.667e-02 6.667e-02 6.667e-02 6.667e-02
6.667e-02 6.667e-02 6.667e-02 6.667e-02 6.667e-02 6.667e-02 6.667e-02 6.667e-02 6.667e-02 6.667e-02 6.667e-02 6.667e-02 6.667e-02 6.667e-02 6.667e-02 6.667e-02 6.667e-02 6.667e-02 6.667e-02 6.667e-02
0.000e+00 0.000e+00 0.000e+00 0.000e+00 0.000e+00 0.000e+00 0.000e+00 0.000e+00 0.000e+00 0.000e+00 0.000e+00 0.000e+00 0.000e+00 0.000e+00 0.000e+00 1.000e+00 0.000e+00 0.000e+00 0.000e+00 0.000e+00
1.000e+00 0.000e+00 0.000e+00 0.000e+00 0.000e+00 0.000e+00 0.000e+00 0.000e+00 0.000e+00 0.000e+00 0.000e+00 0.000e+00 0.000e+00 0.000e+00 0.000e+00 0.000e+00 0.000e+00 0.000e+00 0.000e+00 0.000e+00
0.000e+00 0.000e+00 0.000e+00 0.000e+00 0.000e+00 0.000e+00 0.000e+00 0.000e+00 0.000e+00 0.000e+00 0.000e+00 0.000e+00 0.000e+00 0.000e+00 0.000e+00 0.000e+00 0.000e+00 1.000e+00 0.000e+00 0.000e+00
0.000e+00 0.000e+00 0.000e+00 0.000e+00 0.000e+00 0.000e+00 0.000e+00 0.000e+00 0.000e+00 0.000e+00 0.000e+00 0.000e+00 0.000e+00 0.000e+00 0.000e+00 0.000e+00 0.000e+00 0.000e+00 1.000e+00 0.000e+00
0.000e+00 0.000e+00 0.000e+00 0.000e+00 0.000e+00 0.000e+00 0.000e+00 0.000e+00 0.000e+00 0.000e+00 0.000e+00 0.000e+00 0.000e+00 0.000e+00 0.000e+00 0.000e+00 0.000e+00 0.000e+00 0.000e+00 1.000e+00

9.429e-01 5.435e-02 2.717e-03 0.000e+00 0.000e+00 0.000e+00 0.000e+00 0.000e+00 0.000e+00 0.000e+00 0.000e+00 0.000e+00 0.000e+00 0.000e+00 0.000e+00 0.000e+00 0.000e+00 0.000e+00 0.000e+00 0.000e+00
6.000e-01 4.000e-01 0.000e+00 0.000e+00 0.000e+00 0.000e+00 0.000e+00 0.000e+00 0.000e+00 0.000e+00 0.000e+00 0.000e+00 0.000e+00 0.000e+00 0.000e+00 0.000e+00 0.000e+00 0.000e+00 0.000e+00 0.000e+00
6.667e-02 6.667e-02 6.667e-02 6.667e-02 6.667e-02 6.667e-02 6.667e-02 6.667e-02 6.667e-02 6.667e-02 6.667e-02 6.667e-02 6.667e-02 6.667e-02 6.667e-02 6.667e-02 6.667e-02 6.667e-02 6.667e-02 6.667e-02
6.667e-02 6.667e-02 6.667e-02 6.667e-02 6.667e-02 6.667e-02 6.667e-02 6.667e-02 6.667e-02 6.667e-02 6.667e-02 6.667e-02 6.667e-02 6.667e-02 6.667e-02 6.667e-02 6.667e-02 6.667e-02 6.667e-02 6.667e-02
1.000e+00 0.000e+00 0.000e+00 0.000e+00 0.000e+00 0.000e+00 0.000e+00 0.000e+00 0.000e+00 0.000e+00 0.000e+00 0.000e+00 0.000e+00 0.000e+00 0.000e+00 0.000e+00 0.000e+00 0.000e+00 0.000e+00 0.000e+00
6.667e-02 6.667e-02 6.667e-02 6.667e-02 6.667e-02 6.667e-02 6.667e-02 6.667e-02 6.667e-02 6.667e-02 6.667e-02 6.667e-02 6.667e-02 6.667e-02 6.667e-02 6.667e-02 6.667e-02 6.667e-02 6.667e-02 6.667e-02
6.667e-02 6.667e-02 6.667e-02 6.667e-02 6.667e-02 6.667e-02 6.667e-02 6.667e-02 6.667e-02 6.667e-02 6.667e-02 6.667e-02 6.667e-02 6.667e-02 6.667e-02 6.667e-02 6.667e-02 6.667e-02 6.667e-02 6.667e-02
1.000e+00 0.000e+00 0.000e+00 0.000e+00 0.000e+00 0.000e+00 0.000e+00 0.000e+00 0.000e+00 0.000e+00 0.000e+00 0.000e+00 0.000e+00 0.000e+00 0.000e+00 0.000e+00 0.000e+00 0.000e+00 0.000e+00 0.000e+00
6.667e-02 6.667e-02 6.667e-02 6.667e-02 6.667e-02 6.667e-02 6.667e-02 6.667e-02 6.667e-02 6.667e-02 6.667e-02 6.667e-02 6.667e-02 6.667e-02 6.667e-02 6.667e-02 6.667e-02 6.667e-02 6.667e-02 6.667e-02
6.667e-02 6.667e-02 6.667e-02 6.667e-02 6.667e-02 6.667e-02 6.667e-02 6.667e-02 6.667e-02 6.667e-02 6.667e-02 6.667e-02 6.667e-02 6.667e-02 6.667e-02 6.667e-02 6.667e-02 6.667e-02 6.667e-02 6.667e-02
6.667e-02 6.667e-02 6.667e-02 6.667e-02 6.667e-02 6.667e-02 6.667e-02 6.667e-02 6.667e-02 6.667e-02 6.667e-02 6.667e-02 6.667e-02 6.667e-02 6.667e-02 6.667e-02 6.667e-02 6.667e-02 6.667e-02 6.667e-02
6.667e-02 6.667e-02 6.667e-02 6.667e-02 6.667e-02 6.667e-02 6.667e-02 6.667e-02 6.667e-02 6.667e-02 6.667e-02 6.667e-02 6.667e-02 6.667e-02 6.667e-02 6.667e-02 6.667e-02 6.667e-02 6.667e-02 6.667e-02
6.667e-02 6.667e-02 6.667e-02 6.667e-02 6.667e-02 6.667e-02 6.667e-02 6.667e-02 6.667e-02 6.667e-02 6.667e-02 6.667e-02 6.667e-02 6.667e-02 6.667e-02 6.667e-02 6.667e-02 6.667e-02 6.667e-02 6.667e-02
6.667e-02 6.667e-02 6.667e-02 6.667e-02 6.667e-02 6.667e-02 6.667e-02 6.667e-02 6.667e-02 6.667e-02 6.667e-02 6.667e-02 6.667e-02 6.667e-02 6.667e-02 6.667e-02 6.667e-02 6.667e-02 6.667e-02 6.667e-02
6.667e-02 6.667e-02 6.667e-02 6.667e-02 6.667e-02 6.667e-02 6.667e-02 6.667e-02 6.667e-02 6.667e-02 6.667e-02 6.667e-02 6.667e-02 6.667e-02 6.667e-02 6.667e-02 6.667e-02 6.667e-02 6.667e-02 6.667e-02
0.000e+00 0.000e+00 0.000e+00 0.000e+00 0.000e+00 0.000e+00 0.000e+00 0.000e+00 0.000e+00 0.000e+00 0.000e+00 0.000e+00 0.000e+00 0.000e+00 0.000e+00 1.000e+00 0.000e+00 0.000e+00 0.000e+00 0.000e+00
0.000e+00 0.000e+00 0.000e+00 0.000e+00 0.000e+00 0.000e+00 0.000e+00 0.000e+00 0.000e+00 0.000e+00 0.000e+00 0.000e+00 0.000e+00 0.000e+00 0.000e+00 0.000e+00 1.000e+00 0.000e+00 0.000e+00 0.000e+00
0.000e+00 0.000e+00 0.000e+00 0.000e+00 0.000e+00 0.000e+00 0.000e+00 0.000e+00 0.000e+00 0.000e+00 0.000e+00 0.000e+00 0.000e+00 0.000e+00 0.000e+00 0.000e+00 0.000e+00 1.000e+00 0.000e+00 0.000e+00
0.000e+00 0.000e+00 0.000e+00 0.000e+00 0.000e+00 0.000e+00 0.000e+00 0.000e+00 0.000e+00 0.000e+00 0.000e+00 0.000e+00 0.000e+00 0.000e+00 0.000e+00 0.000e+00 0.000e+00 0.000e+00 1.000e+00 0.000e+00
0.000e+00 0.000e+00 0.000e+00 0.000e+00 0.000e+00 0.000e+00 0.000e+00 0.000e+00 0.000e+00 0.000e+00 0.000e+00 0.000e+00 0.000e+00 0.000e+00 0.000e+00 0.000e+00 0.000e+00 0.000e+00 0.000e+00 1.000e+00

9.111e-01 8.356e-02 0.000e+00 2.695e-03 2.695e-03 0.000e+00 0.000e+00 0.000e+00 0.000e+00 0.000e+00 0.000e+00 0.000e+00 0.000e+00 0.000e+00 0.000e+00 0.000e+00 0.000e+00 0.000e+00 0.000e+00 0.000e+00
5.000e-01 5.000e-01 0.000e+00 0.000e+00 0.000e+00 0.000e+00 0.000e+00 0.000e+00 0.000e+00 0.000e+00 0.000e+00 0.000e+00 0.000e+00 0.000e+00 0.000e+00 0.000e+00 0.000e+00 0.000e+00 0.000e+00 0.000e+00
0.000e+00 0.000e+00 1.000e+00 0.000e+00 0.000e+00 0.000e+00 0.000e+00 0.000e+00 0.000e+00 0.000e+00 0.000e+00 0.000e+00 0.000e+00 0.000e+00 0.000e+00 0.000e+00 0.000e+00 0.000e+00 0.000e+00 0.000e+00
6.667e-02 6.667e-02 6.667e-02 6.667e-02 6.667e-02 6.667e-02 6.667e-02 6.667e-02 6.667e-02 6.667e-02 6.667e-02 6.667e-02 6.667e-02 6.667e-02 6.667e-02 6.667e-02 6.667e-02 6.667e-02 6.667e-02 6.667e-02
6.667e-02 6.667e-02 6.667e-02 6.667e-02 6.667e-02 6.667e-02 6.667e-02 6.667e-02 6.667e-02 6.667e-02 6.667e-02 6.667e-02 6.667e-02 6.667e-02 6.667e-02 6.667e-02 6.667e-02 6.667e-02 6.667e-02 6.667e-02
6.667e-02 6.667e-02 6.667e-02 6.667e-02 6.667e-02 6.667e-02 6.667e-02 6.667e-02 6.667e-02 6.667e-02 6.667e-02 6.667e-02 6.667e-02 6.667e-02 6.667e-02 6.667e-02 6.667e-02 6.667e-02 6.667e-02 6.667e-02
6.667e-02 6.667e-02 6.667e-02 6.667e-02 6.667e-02 6.667e-02 6.667e-02 6.667e-02 6.667e-02 6.667e-02 6.667e-02 6.667e-02 6.667e-02 6.667e-02 6.667e-02 6.667e-02 6.667e-02 6.667e-02 6.667e-02 6.667e-02
6.667e-02 6.667e-02 6.667e-02 6.667e-02 6.667e-02 6.667e-02 6.667e-02 6.667e-02 6.667e-02 6.667e-02 6.667e-02 6.667e-02 6.667e-02 6.667e-02 6.667e-02 6.667e-02 6.667e-02 6.667e-02 6.667e-02 6.667e-02
6.667e-02 6.667e-02 6.667e-02 6.667e-02 6.667e-02 6.667e-02 6.667e-02 6.667e-02 6.667e-02 6.667e-02 6.667e-02 6.667e-02 6.667e-02 6.667e-02 6.667e-02 6.667e-02 6.667e-02 6.667e-02 6.667e-02 6.667e-02
6.667e-02 6.667e-02 6.667e-02 6.667e-02 6.667e-02 6.667e-02 6.667e-02 6.667e-02 6.667e-02 6.667e-02 6.667e-02 6.667e-02 6.667e-02 6.667e-02 6.667e-02 6.667e-02 6.667e-02 6.667e-02 6.667e-02 6.667e-02
6.667e-02 6.667e-02 6.667e-02 6.667e-02 6.667e-02 6.667e-02 6.667e-02 6.667e-02 6.667e-02 6.667e-02 6.667e-02 6.667e-02 6.667e-02 6.667e-02 6.667e-02 6.667e-02 6.667e-02 6.667e-02 6.667e-02 6.667e-02
6.667e-02 6.667e-02 6.667e-02 6.667e-02 6.667e-02 6.667e-02 6.667e-02 6.667e-02 6.667e-02 6.667e-02 6.667e-02 6.667e-02 6.667e-02 6.667e-02 6.667e-02 6.667e-02 6.667e-02 6.667e-02 6.667e-02 6.667e-02
6.667e-02 6.667e-02 6.667e-02 6.667e-02 6.667e-02 6.667e-02 6.667e-02 6.667e-02 6.667e-02 6.667e-02 6.667e-02 6.667e-02 6.667e-02 6.667e-02 6.667e-02 6.667e-02 6.667e-02 6.667e-02 6.667e-02 6.667e-02
6.667e-02 6.667e-02 6.667e-02 6.667e-02 6.667e-02 6.667e-02 6.667e-02 6.667e-02 6.667e-02 6.667e-02 6.667e-02 6.667e-02 6.667e-02 6.667e-02 6.667e-02 6.667e-02 6.667e-02 6.667e-02 6.667e-02 6.667e-02
6.667e-02 6.667e-02 6.667e-02 6.667e-02 6.667e-02 6.667e-02 6.667e-02 6.667e-02 6.667e-02 6.667e-02 6.667e-02 6.667e-02 6.667e-02 6.667e-02 6.667e-02 6.667e-02 6.667e-02 6.667e-02 6.667e-02 6.667e-02
0.000e+00 0.000e+00 0.000e+00 0.000e+00 0.000e+00 0.000e+00 0.000e+00 0.000e+00 0.000e+00 0.000e+00 0.000e+00 0.000e+00 0.000e+00 0.000e+00 0.000e+00 1.000e+00 0.000e+00 0.000e+00 0.000e+00 0.000e+00
0.000e+00 0.000e+00 0.000e+00 0.000e+00 0.000e+00 0.000e+00 0.000e+00 0.000e+00 0.000e+00 0.000e+00 0.000e+00 0.000e+00 0.000e+00 0.000e+00 0.000e+00 0.000e+00 1.000e+00 0.000e+00 0.000e+00 0.000e+00
0.000e+00 0.000e+00 0.000e+00 0.000e+00 0.000e+00 0.000e+00 0.000e+00 0.000e+00 0.000e+00 0.000e+00 0.000e+00 0.000e+00 0.000e+00 0.000e+00 0.000e+00 0.000e+00 0.000e+00 1.000e+00 0.000e+00 0.000e+00
0.000e+00 0.000e+00 0.000e+00 0.000e+00 0.000e+00 0.000e+00 0.000e+00 0.000e+00 0.000e+00 0.000e+00 0.000e+00 0.000e+00 0.000e+00 0.000e+00 0.000e+00 0.000e+00 0.000e+00 0.000e+00 1.000e+00 0.000e+00
0.000e+00 0.000e+00 0.000e+00 0.000e+00 0.000e+00 0.000e+00 0.000e+00 0.000e+00 0.000e+00 0.000e+00 0.000e+00 0.000e+00 0.000e+00 0.000e+00 0.000e+00 0.000e+00 0.000e+00 0.000e+00 0.000e+00 1.000e+00

9.408e-01 5.352e-02 2.817e-03 0.000e+00 2.817e-03 0.000e+00 0.000e+00 0.000e+00 0.000e+00 0.000e+00 0.000e+00 0.000e+00 0.000e+00 0.000e+00 0.000e+00 0.000e+00 0.000e+00 0.000e+00 0.000e+00 0.000e+00
5.833e-01 3.958e-01 0.000e+00 0.000e+00 0.000e+00 0.000e+00 0.000e+00 2.083e-02 0.000e+00 0.000e+00 0.000e+00 0.000e+00 0.000e+00 0.000e+00 0.000e+00 0.000e+00 0.000e+00 0.000e+00 0.000e+00 0.000e+00
1.000e+00 0.000e+00 0.000e+00 0.000e+00 0.000e+00 0.000e+00 0.000e+00 0.000e+00 0.000e+00 0.000e+00 0.000e+00 0.000e+00 0.000e+00 0.000e+00 0.000e+00 0.000e+00 0.000e+00 0.000e+00 0.000e+00 0.000e+00
1.000e+00 0.000e+00 0.000e+00 0.000e+00 0.000e+00 0.000e+00 0.000e+00 0.000e+00 0.000e+00 0.000e+00 0.000e+00 0.000e+00 0.000e+00 0.000e+00 0.000e+00 0.000e+00 0.000e+00 0.000e+00 0.000e+00 0.000e+00
1.000e+00 0.000e+00 0.000e+00 0.000e+00 0.000e+00 0.000e+00 0.000e+00 0.000e+00 0.000e+00 0.000e+00 0.000e+00 0.000e+00 0.000e+00 0.000e+00 0.000e+00 0.000e+00 0.000e+00 0.000e+00 0.000e+00 0.000e+00
6.667e-02 6.667e-02 6.667e-02 6.667e-02 6.667e-02 6.667e-02 6.667e-02 6.667e-02 6.667e-02 6.667e-02 6.667e-02 6.667e-02 6.667e-02 6.667e-02 6.667e-02 6.667e-02 6.667e-02 6.667e-02 6.667e-02 6.667e-02
6.667e-02 6.667e-02 6.667e-02 6.667e-02 6.667e-02 6.667e-02 6.667e-02 6.667e-02 6.667e-02 6.667e-02 6.667e-02 6.667e-02 6.667e-02 6.667e-02 6.667e-02 6.667e-02 6.667e-02 6.667e-02 6.667e-02 6.667e-02
6.667e-02 6.667e-02 6.667e-02 6.667e-02 6.667e-02 6.667e-02 6.667e-02 6.667e-02 6.667e-02 6.667e-02 6.667e-02 6.667e-02 6.667e-02 6.667e-02 6.667e-02 6.667e-02 6.667e-02 6.667e-02 6.667e-02 6.667e-02
6.667e-02 6.667e-02 6.667e-02 6.667e-02 6.667e-02 6.667e-02 6.667e-02 6.667e-02 6.667e-02 6.667e-02 6.667e-02 6.667e-02 6.667e-02 6.667e-02 6.667e-02 6.667e-02 6.667e-02 6.667e-02 6.667e-02 6.667e-02
6.667e-02 6.667e-02 6.667e-02 6.667e-02 6.667e-02 6.667e-02 6.667e-02 6.667e-02 6.667e-02 6.667e-02 6.667e-02 6.667e-02 6.667e-02 6.667e-02 6.667e-02 6.667e-02 6.667e-02 6.667e-02 6.667e-02 6.667e-02
6.667e-02 6.667e-02 6.667e-02 6.667e-02 6.667e-02 6.667e-02 6.667e-02 6.667e-02 6.667e-02 6.667e-02 6.667e-02 6.667e-02 6.667e-02 6.667e-02 6.667e-02 6.667e-02 6.667e-02 6.667e-02 6.667e-02 6.667e-02
6.667e-02 6.667e-02 6.667e-02 6.667e-02 6.667e-02 6.667e-02 6.667e-02 6.667e-02 6.667e-02 6.667e-02 6.667e-02 6.667e-02 6.667e-02 6.667e-02 6.667e-02 6.667e-02 6.667e-02 6.667e-02 6.667e-02 6.667e-02
6.667e-02 6.667e-02 6.667e-02 6.667e-02 6.667e-02 6.667e-02 6.667e-02 6.667e-02 6.667e-02 6.667e-02 6.667e-02 6.667e-02 6.667e-02 6.667e-02 6.667e-02 6.667e-02 6.667e-02 6.667e-02 6.667e-02 6.667e-02
6.667e-02 6.667e-02 6.667e-02 6.667e-02 6.667e-02 6.667e-02 6.667e-02 6.667e-02 6.667e-02 6.667e-02 6.667e-02 6.667e-02 6.667e-02 6.667e-02 6.667e-02 6.667e-02 6.667e-02 6.667e-02 6.667e-02 6.667e-02
6.667e-02 6.667e-02 6.667e-02 6.667e-02 6.667e-02 6.667e-02 6.667e-02 6.667e-02 6.667e-02 6.667e-02 6.667e-02 6.667e-02 6.667e-02 6.667e-02 6.667e-02 6.667e-02 6.667e-02 6.667e-02 6.667e-02 6.667e-02
0.000e+00 0.000e+00 0.000e+00 0.000e+00 0.000e+00 0.000e+00 0.000e+00 0.000e+00 0.000e+00 0.000e+00 0.000e+00 0.000e+00 0.000e+00 0.000e+00 0.000e+00 1.000e+00 0.000e+00 0.000e+00 0.000e+00 0.000e+00
0.000e+00 0.000e+00 0.000e+00 0.000e+00 0.000e+00 0.000e+00 0.000e+00 0.000e+00 0.000e+00 0.000e+00 0.000e+00 0.000e+00 0.000e+00 0.000e+00 0.000e+00 0.000e+00 1.000e+00 0.000e+00 0.000e+00 0.000e+00
0.000e+00 0.000e+00 0.000e+00 0.000e+00 0.000e+00 0.000e+00 0.000e+00 0.000e+00 0.000e+00 0.000e+00 0.000e+00 0.000e+00 0.000e+00 0.000e+00 0.000e+00 0.000e+00 0.000e+00 1.000e+00 0.000e+00 0.000e+00
0.000e+00 0.000e+00 0.000e+00 0.000e+00 0.000e+00 0.000e+00 0.000e+00 0.000e+00 0.000e+00 0.000e+00 0.000e+00 0.000e+00 0.000e+00 0.000e+00 0.000e+00 0.000e+00 0.000e+00 0.000e+00 1.000e+00 0.000e+00
0.000e+00 0.000e+00 0.000e+00 0.000e+00 0.000e+00 0.000e+00 0.000e+00 0.000e+00 0.000e+00 0.000e+00 0.000e+00 0.000e+00 0.000e+00 0.000e+00 0.000e+00 0.000e+00 0.000e+00 0.000e+00 0.000e+00 1.000e+00

9.370e-01 4.932e-02 2.740e-03 0.000e+00 2.740e-03 2.740e-03 0.000e+00 5.479e-03 0.000e+00 0.000e+00 0.000e+00 0.000e+00 0.000e+00 0.000e+00 0.000e+00 0.000e+00 0.000e+00 0.000e+00 0.000e+00 0.000e+00
6.842e-01 3.158e-01 0.000e+00 0.000e+00 0.000e+00 0.000e+00 0.000e+00 0.000e+00 0.000e+00 0.000e+00 0.000e+00 0.000e+00 0.000e+00 0.000e+00 0.000e+00 0.000e+00 0.000e+00 0.000e+00 0.000e+00 0.000e+00
1.000e+00 0.000e+00 0.000e+00 0.000e+00 0.000e+00 0.000e+00 0.000e+00 0.000e+00 0.000e+00 0.000e+00 0.000e+00 0.000e+00 0.000e+00 0.000e+00 0.000e+00 0.000e+00 0.000e+00 0.000e+00 0.000e+00 0.000e+00
6.667e-02 6.667e-02 6.667e-02 6.667e-02 6.667e-02 6.667e-02 6.667e-02 6.667e-02 6.667e-02 6.667e-02 6.667e-02 6.667e-02 6.667e-02 6.667e-02 6.667e-02 6.667e-02 6.667e-02 6.667e-02 6.667e-02 6.667e-02
0.000e+00 0.000e+00 0.000e+00 0.000e+00 1.000e+00 0.000e+00 0.000e+00 0.000e+00 0.000e+00 0.000e+00 0.000e+00 0.000e+00 0.000e+00 0.000e+00 0.000e+00 0.000e+00 0.000e+00 0.000e+00 0.000e+00 0.000e+00
6.667e-02 6.667e-02 6.667e-02 6.667e-02 6.667e-02 6.667e-02 6.667e-02 6.667e-02 6.667e-02 6.667e-02 6.667e-02 6.667e-02 6.667e-02 6.667e-02 6.667e-02 6.667e-02 6.667e-02 6.667e-02 6.667e-02 6.667e-02
6.667e-02 6.667e-02 6.667e-02 6.667e-02 6.667e-02 6.667e-02 6.667e-02 6.667e-02 6.667e-02 6.667e-02 6.667e-02 6.667e-02 6.667e-02 6.667e-02 6.667e-02 6.667e-02 6.667e-02 6.667e-02 6.667e-02 6.667e-02
0.000e+00 1.000e+00 0.000e+00 0.000e+00 0.000e+00 0.000e+00 0.000e+00 0.000e+00 0.000e+00 0.000e+00 0.000e+00 0.000e+00 0.000e+00 0.000e+00 0.000e+00 0.000e+00 0.000e+00 0.000e+00 0.000e+00 0.000e+00
6.667e-02 6.667e-02 6.667e-02 6.667e-02 6.667e-02 6.667e-02 6.667e-02 6.667e-02 6.667e-02 6.667e-02 6.667e-02 6.667e-02 6.667e-02 6.667e-02 6.667e-02 6.667e-02 6.667e-02 6.667e-02 6.667e-02 6.667e-02
6.667e-02 6.667e-02 6.667e-02 6.667e-02 6.667e-02 6.667e-02 6.667e-02 6.667e-02 6.667e-02 6.667e-02 6.667e-02 6.667e-02 6.667e-02 6.667e-02 6.667e-02 6.667e-02 6.667e-02 6.667e-02 6.667e-02 6.667e-02
6.667e-02 6.667e-02 6.667e-02 6.667e-02 6.667e-02 6.667e-02 6.667e-02 6.667e-02 6.667e-02 6.667e-02 6.667e-02 6.667e-02 6.667e-02 6.667e-02 6.667e-02 6.667e-02 6.667e-02 6.667e-02 6.667e-02 6.667e-02
6.667e-02 6.667e-02 6.667e-02 6.667e-02 6.667e-02 6.667e-02 6.667e-02 6.667e-02 6.667e-02 6.667e-02 6.667e-02 6.667e-02 6.667e-02 6.667e-02 6.667e-02 6.667e-02 6.667e-02 6.667e-02 6.667e-02 6.667e-02
6.667e-02 6.667e-02 6.667e-02 6.667e-02 6.667e-02 6.667e-02 6.667e-02 6.667e-02 6.667e-02 6.667e-02 6.667e-02 6.667e-02 6.667e-02 6.667e-02 6.667e-02 6.667e-02 6.667e-02 6.667e-02 6.667e-02 6.667e-02
6.667e-02 6.667e-02 6.667e-02 6.667e-02 6.667e-02 6.667e-02 6.667e-02 6.667e-02 6.667e-02 6.667e-02 6.667e-02 6.667e-02 6.667e-02 6.667e-02 6.667e-02 6.667e-02 6.667e-02 6.667e-02 6.667e-02 6.667e-02
6.667e-02 6.667e-02 6.667e-02 6.667e-02 6.667e-02 6.667e-02 6.667e-02 6.667e-02 6.667e-02 6.667e-02 6.667e-02 6.667e-02 6.667e-02 6.667e-02 6.667e-02 6.667e-02 6.667e-02 6.667e-02 6.667e-02 6.667e-02
0.000e+00 0.000e+00 0.000e+00 0.000e+00 0.000e+00 0.000e+00 0.000e+00 0.000e+00 0.000e+00 0.000e+00 0.000e+00 0.000e+00 0.000e+00 0.000e+00 0.000e+00 1.000e+00 0.000e+00 0.000e+00 0.000e+00 0.000e+00
0.000e+00 0.000e+00 0.000e+00 0.000e+00 0.000e+00 0.000e+00 0.000e+00 0.000e+00 0.000e+00 0.000e+00 0.000e+00 0.000e+00 0.000e+00 0.000e+00 0.000e+00 0.000e+00 1.000e+00 0.000e+00 0.000e+00 0.000e+00
0.000e+00 0.000e+00 0.000e+00 0.000e+00 0.000e+00 0.000e+00 0.000e+00 0.000e+00 0.000e+00 0.000e+00 0.000e+00 0.000e+00 0.000e+00 0.000e+00 0.000e+00 0.000e+00 0.000e+00 1.000e+00 0.000e+00 0.000e+00
0.000e+00 0.000e+00 0.000e+00 0.000e+00 0.000e+00 0.000e+00 0.000e+00 0.000e+00 0.000e+00 0.000e+00 0.000e+00 0.000e+00 0.000e+00 0.000e+00 0.000e+00 0.000e+00 0.000e+00 0.000e+00 1.000e+00 0.000e+00
0.000e+00 0.000e+00 0.000e+00 0.000e+00 0.000e+00 0.000e+00 0.000e+00 0.000e+00 0.000e+00 0.000e+00 0.000e+00 0.000e+00 0.000e+00 0.000e+00 0.000e+00 0.000e+00 0.000e+00 0.000e+00 0.000e+00 1.000e+00

