9.499e-01 2.111e-02 5.277e-03 5.277e-03 5.277e-03 2.639e-03 0.000e+00 2.639e-03 5.277e-03 2.639e-03 0.000e+00 0.000e+00 0.000e+00 0.000e+00 0.000e+00 0.000e+00 0.000e+00 0.000e+00 0.000e+00 0.000e+00
1.000e+00 0.000e+00 0.000e+00 0.000e+00 0.000e+00 0.000e+00 0.000e+00 0.000e+00 0.000e+00 0.000e+00 0.000e+00 0.000e+00 0.000e+00 0.000e+00 0.000e+00 0.000e+00 0.000e+00 0.000e+00 0.000e+00 0.000e+00
1.000e+00 0.000e+00 0.000e+00 0.000e+00 0.000e+00 0.000e+00 0.000e+00 0.000e+00 0.000e+00 0.000e+00 0.000e+00 0.000e+00 0.000e+00 0.000e+00 0.000e+00 0.000e+00 0.000e+00 0.000e+00 0.000e+00 0.000e+00
5.000e-01 5.000e-01 0.000e+00 0.000e+00 0.000e+00 0.000e+00 0.000e+00 0.000e+00 0.000e+00 0.000e+00 0.000e+00 0.000e+00 0.000e+00 0.000e+00 0.000e+00 0.000e+00 0.000e+00 0.000e+00 0.000e+00 0.000e+00
1.000e+00 0.000e+00 0.000e+00 0.000e+00 0.000e+00 0.000e+00 0.000e+00 0.000e+00 0.000e+00 0.000e+00 0.000e+00 0.000e+00 0.000e+00 0.000e+00 0.000e+00 0.000e+00 0.000e+00 0.000e+00 0.000e+00 0.000e+00
1.000e+00 0.000e+00 0.000e+00 0.000e+00 0.000e+00 0.000e+00 0.000e+00 0.000e+00 0.000e+00 0.000e+00 0.000e+00 0.000e+00 0.000e+00 0.000e+00 0.000e+00 0.000e+00 0.000e+00 0.000e+00 0.000e+00 0.000e+00
1.000e+00 0.000e+00 0.000e+00 0.000e+00 0.000e+00 0.000e+00 0.000e+00 0.000e+00 0.000e+00 0.000e+00 0.000e+00 0.000e+00 0.000e+00 0.000e+00 0.000e+00 0.000e+00 0.000e+00 0.000e+00 0.000e+00 0.000e+00
1.000e+00 0.000e+00 0.000e+00 0.000e+00 0.000e+00 0.000e+00 0.000e+00 0.000e+00 0.000e+00 0.000e+00 0.000e+00 0.000e+00 0.000e+00 0.000e+00 0.000e+00 0.000e+00 0.000e+00 0.000e+00 0.000e+00 0.000e+00
0.000e+00 0.000e+00 0.000e+00 0.000e+00 0.000e+00 0.000e+00 0.000e+00 0.000e+00 1.000e+00 0.000e+00 0.000e+00 0.000e+00 0.000e+00 0.000e+00 0.000e+00 0.000e+00 0.000e+00 0.000e+00 0.000e+00 0.000e+00
1.000e+00 0.000e+00 0.000e+00 0.000e+00 0.000e+00 0.000e+00 0.000e+00 0.000e+00 0.000e+00 0.000e+00 0.000e+00 0.000e+00 0.000e+00 0.000e+00 0.000e+00 0.000e+00 0.000e+00 0.000e+00 0.000e+00 0.000e+00
1.000e+00 0.000e+00 0.000e+00 0.000e+00 0.000e+00 0.000e+00 0.000e+00 0.000e+00 0.000e+00 0.000e+00 0.000e+00 0.000e+00 0.000e+00 0.000e+00 0.000e+00 0.000e+00 0.000e+00 0.000e+00 0.000e+00 0.000e+00
1.000e+00 0.000e+00 0.000e+00 0.000e+00 0.000e+00 0.000e+00 0.000e+00 0.000e+00 0.000e+00 0.000e+00 0.000e+00 0.000e+00 0.000e+00 0.000e+00 0.000e+00 0.000e+00 0.000e+00 0.000e+00 0.000e+00 0.000e+00
0.000e+00 0.000e+00 0.000e+00 0.000e+00 0.000e+00 0.000e+00 0.000e+00 0.000e+00 0.000e+00 0.000e+00 0.000e+00 0.000e+00 1.000e+00 0.000e+00 0.000e+00 0.000e+00 0.000e+00 0.000e+00 0.000e+00 0.000e+00
6.667e-02 6.667e-02 6.667e-02 6.667e-02 6.667e-02 6.667e-02 6.667e-02 6.667e-02 6.667e-02 6.667e-02 6.667e-02 6.667e-02 6.667e-02 6.667e-02 6.667e-02 6.667e-02 6.667e-02 6.667e-02 6.667e-02 6.667e-02
6.667e-02 6.667e-02 6.667e-02 6.667e-02 6.667e-02 6.667e-02 6.667e-02 6.667e-02 6.667e-02 6.667e-02 6.667e-02 6.667e-02 6.667e-02 6.667e-02 6.667e-02 6.667e-02 6.667e-02 6.667e-02 6.667e-02 6.667e-02
0.000e+00 0.000e+00 0.000e+00 0.000e+00 0.000e+00 0.000e+00 0.000e+00 0.000e+00 0.000e+00 0.000e+00 0.000e+00 0.000e+00 0.000e+00 0.000e+00 0.000e+00 1.000e+00 0.000e+00 0.000e+00 0.000e+00 0.000e+00
0.000e+00 0.000e+00 0.000e+00 0.000e+00 0.000e+00 0.000e+00 0.000e+00 0.000e+00 0.000e+00 0.000e+00 0.000e+00 0.000e+00 0.000e+00 0.000e+00 0.000e+00 0.000e+00 1.000e+00 0.000e+00 0.000e+00 0.000e+00
0.000e+00 0.000e+00 0.000e+00 0.000e+00 0.000e+00 0.000e+00 0.000e+00 0.000e+00 0.000e+00 0.000e+00 0.000e+00 0.000e+00 0.000e+00 0.000e+00 0.000e+00 0.000e+00 0.000e+00 1.000e+00 0.000e+00 0.000e+00
0.000e+00 0.000e+00 0.000e+00 0.000e+00 0.000e+00 0.000e+00 0.000e+00 0.000e+00 0.000e+00 0.000e+00 0.000e+00 0.000e+00 0.000e+00 0.000e+00 0.000e+00 0.000e+00 0.000e+00 0.000e+00 1.000e+00 0.000e+00
0.000e+00 0.000e+00 0.000e+00 0.000e+00 0.000e+00 0.000e+00 0.000e+00 0.000e+00 0.000e+00 0.000e+00 0.000e+00 0.000e+00 0.000e+00 0.000e+00 0.000e+00 0.000e+00 0.000e+00 0.000e+00 0.000e+00 1.000e+00

9.766e-01 1.562e-02 2.604e-03 0.000e+00 2.604e-03 0.000e+00 0.000e+00 0.000e+00 0.000e+00 0.000e+00 0.000e+00 0.000e+00 0.000e+00 0.000e+00 2.604e-03 0.000e+00 0.000e+00 0.000e+00 0.000e+00 0.000e+00
8.889e-01 0.000e+00 0.000e+00 0.000e+00 1.111e-01 0.000e+00 0.000e+00 0.000e+00 0.000e+00 0.000e+00 0.000e+00 0.000e+00 0.000e+00 0.000e+00 0.000e+00 0.000e+00 0.000e+00 0.000e+00 0.000e+00 0.000e+00
1.000e+00 0.000e+00 0.000e+00 0.000e+00 0.000e+00 0.000e+00 0.000e+00 0.000e+00 0.000e+00 0.000e+00 0.000e+00 0.000e+00 0.000e+00 0.000e+00 0.000e+00 0.000e+00 0.000e+00 0.000e+00 0.000e+00 0.000e+00
1.000e+00 0.000e+00 0.000e+00 0.000e+00 0.000e+00 0.000e+00 0.000e+00 0.000e+00 0.000e+00 0.000e+00 0.000e+00 0.000e+00 0.000e+00 0.000e+00 0.000e+00 0.000e+00 0.000e+00 0.000e+00 0.000e+00 0.000e+00
1.000e+00 0.000e+00 0.000e+00 0.000e+00 0.000e+00 0.000e+00 0.000e+00 0.000e+00 0.000e+00 0.000e+00 0.000e+00 0.000e+00 0.000e+00 0.000e+00 0.000e+00 0.000e+00 0.000e+00 0.000e+00 0.000e+00 0.000e+00
1.000e+00 0.000e+00 0.000e+00 0.000e+00 0.000e+00 0.000e+00 0.000e+00 0.000e+00 0.000e+00 0.000e+00 0.000e+00 0.000e+00 0.000e+00 0.000e+00 0.000e+00 0.000e+00 0.000e+00 0.000e+00 0.000e+00 0.000e+00
6.667e-02 6.667e-02 6.667e-02 6.667e-02 6.667e-02 6.667e-02 6.667e-02 6.667e-02 6.667e-02 6.667e-02 6.667e-02 6.667e-02 6.667e-02 6.667e-02 6.667e-02 6.667e-02 6.667e-02 6.667e-02 6.667e-02 6.667e-02
1.000e+00 0.000e+00 0.000e+00 0.000e+00 0.000e+00 0.000e+00 0.000e+00 0.000e+00 0.000e+00 0.000e+00 0.000e+00 0.000e+00 0.000e+00 0.000e+00 0.000e+00 0.000e+00 0.000e+00 0.000e+00 0.000e+00 0.000e+00
1.000e+00 0.000e+00 0.000e+00 0.000e+00 0.000e+00 0.000e+00 0.000e+00 0.000e+00 0.000e+00 0.000e+00 0.000e+00 0.000e+00 0.000e+00 0.000e+00 0.000e+00 0.000e+00 0.000e+00 0.000e+00 0.000e+00 0.000e+00
1.000e+00 0.000e+00 0.000e+00 0.000e+00 0.000e+00 0.000e+00 0.000e+00 0.000e+00 0.000e+00 0.000e+00 0.000e+00 0.000e+00 0.000e+00 0.000e+00 0.000e+00 0.000e+00 0.000e+00 0.000e+00 0.000e+00 0.000e+00
6.667e-02 6.667e-02 6.667e-02 6.667e-02 6.667e-02 6.667e-02 6.667e-02 6.667e-02 6.667e-02 6.667e-02 6.667e-02 6.667e-02 6.667e-02 6.667e-02 6.667e-02 6.667e-02 6.667e-02 6.667e-02 6.667e-02 6.667e-02
6.667e-02 6.667e-02 6.667e-02 6.667e-02 6.667e-02 6.667e-02 6.667e-02 6.667e-02 6.667e-02 6.667e-02 6.667e-02 6.667e-02 6.667e-02 6.667e-02 6.667e-02 6.667e-02 6.667e-02 6.667e-02 6.667e-02 6.667e-02
1.000e+00 0.000e+00 0.000e+00 0.000e+00 0.000e+00 0.000e+00 0.000e+00 0.000e+00 0.000e+00 0.000e+00 0.000e+00 0.000e+00 0.000e+00 0.000e+00 0.000e+00 0.000e+00 0.000e+00 0.000e+00 0.000e+00 0.000e+00
6.667e-02 6.667e-02 6.667e-02 6.667e-02 6.667e-02 6.667e-02 6.667e-02 6.667e-02 6.667e-02 6.667e-02 6.667e-02 6.667e-02 6.667e-02 6.667e-02 6.667e-02 6.667e-02 6.667e-02 6.667e-02 6.667e-02 6.667e-02
6.667e-02 6.667e-02 6.667e-02 6.667e-02 6.667e-02 6.667e-02 6.667e-02 6.667e-02 6.667e-02 6.667e-02 6.667e-02 6.667e-02 6.667e-02 6.667e-02 6.667e-02 6.667e-02 6.667e-02 6.667e-02 6.667e-02 6.667e-02
0.000e+00 0.000e+00 0.000e+00 0.000e+00 0.000e+00 0.000e+00 0.000e+00 0.000e+00 0.000e+00 0.000e+00 0.000e+00 0.000e+00 0.000e+00 0.000e+00 0.000e+00 1.000e+00 0.000e+00 0.000e+00 0.000e+00 0.000e+00
0.000e+00 0.000e+00 0.000e+00 0.000e+00 0.000e+00 0.000e+00 0.000e+00 0.000e+00 0.000e+00 0.000e+00 0.000e+00 0.000e+00 0.000e+00 0.000e+00 0.000e+00 0.000e+00 1.000e+00 0.000e+00 0.000e+00 0.000e+00
0.000e+00 0.000e+00 0.000e+00 0.000e+00 0.000e+00 0.000e+00 0.000e+00 0.000e+00 0.000e+00 0.000e+00 0.000e+00 0.000e+00 0.000e+00 0.000e+00 0.000e+00 0.000e+00 0.000e+00 1.000e+00 0.000e+00 0.000e+00
0.000e+00 0.000e+00 0.000e+00 0.000e+00 0.000e+00 0.000e+00 0.000e+00 0.000e+00 0.000e+00 0.000e+00 0.000e+00 0.000e+00 0.000e+00 0.000e+00 0.000e+00 0.000e+00 0.000e+00 0.000e+00 1.000e+00 0.000e+00
0.000e+00 0.000e+00 0.000e+00 0.000e+00 0.000e+00 0.000e+00 0.000e+00 0.000e+00 0.000e+00 0.000e+00 0.000e+00 0.000e+00 0.000e+00 0.000e+00 0.000e+00 0.000e+00 0.000e+00 0.000e+00 0.000e+00 1.000e+00

9.773e-01 7.576e-03 2.525e-03 2.525e-03 0.000e+00 0.000e+00 5.051e-03 0.000e+00 0.000e+00 5.051e-03 0.000e+00 0.000e+00 0.000e+00 0.000e+00 0.000e+00 0.000e+00 0.000e+00 0.000e+00 0.000e+00 0.000e+00
1.000e+00 0.000e+00 0.000e+00 0.000e+00 0.000e+00 0.000e+00 0.000e+00 0.000e+00 0.000e+00 0.000e+00 0.000e+00 0.000e+00 0.000e+00 0.000e+00 0.000e+00 0.000e+00 0.000e+00 0.000e+00 0.000e+00 0.000e+00
0.000e+00 0.000e+00 1.000e+00 0.000e+00 0.000e+00 0.000e+00 0.000e+00 0.000e+00 0.000e+00 0.000e+00 0.000e+00 0.000e+00 0.000e+00 0.000e+00 0.000e+00 0.000e+00 0.000e+00 0.000e+00 0.000e+00 0.000e+00
6.667e-02 6.667e-02 6.667e-02 6.667e-02 6.667e-02 6.667e-02 6.667e-02 6.667e-02 6.667e-02 6.667e-02 6.667e-02 6.667e-02 6.667e-02 6.667e-02 6.667e-02 6.667e-02 6.667e-02 6.667e-02 6.667e-02 6.667e-02
1.000e+00 0.000e+00 0.000e+00 0.000e+00 0.000e+00 0.000e+00 0.000e+00 0.000e+00 0.000e+00 0.000e+00 0.000e+00 0.000e+00 0.000e+00 0.000e+00 0.000e+00 0.000e+00 0.000e+00 0.000e+00 0.000e+00 0.000e+00
6.667e-02 6.667e-02 6.667e-02 6.667e-02 6.667e-02 6.667e-02 6.667e-02 6.667e-02 6.667e-02 6.667e-02 6.667e-02 6.667e-02 6.667e-02 6.667e-02 6.667e-02 6.667e-02 6.667e-02 6.667e-02 6.667e-02 6.667e-02
6.667e-02 6.667e-02 6.667e-02 6.667e-02 6.667e-02 6.667e-02 6.667e-02 6.667e-02 6.667e-02 6.667e-02 6.667e-02 6.667e-02 6.667e-02 6.667e-02 6.667e-02 6.667e-02 6.667e-02 6.667e-02 6.667e-02 6.667e-02
6.667e-02 6.667e-02 6.667e-02 6.667e-02 6.667e-02 6.667e-02 6.667e-02 6.667e-02 6.667e-02 6.667e-02 6.667e-02 6.667e-02 6.667e-02 6.667e-02 6.667e-02 6.667e-02 6.667e-02 6.667e-02 6.667e-02 6.667e-02
6.667e-02 6.667e-02 6.667e-02 6.667e-02 6.667e-02 6.667e-02 6.667e-02 6.667e-02 6.667e-02 6.667e-02 6.667e-02 6.667e-02 6.667e-02 6.667e-02 6.667e-02 6.667e-02 6.667e-02 6.667e-02 6.667e-02 6.667e-02
6.667e-02 6.667e-02 6.667e-02 6.667e-02 6.667e-02 6.667e-02 6.667e-02 6.667e-02 6.667e-02 6.667e-02 6.667e-02 6.667e-02 6.667e-02 6.667e-02 6.667e-02 6.667e-02 6.667e-02 6.667e-02 6.667e-02 6.667e-02
6.667e-02 6.667e-02 6.667e-02 6.667e-02 6.667e-02 6.667e-02 6.667e-02 6.667e-02 6.667e-02 6.667e-02 6.667e-02 6.667e-02 6.667e-02 6.667e-02 6.667e-02 6.667e-02 6.667e-02 6.667e-02 6.667e-02 6.667e-02
6.667e-02 6.667e-02 6.667e-02 6.667e-02 6.667e-02 6.667e-02 6.667e-02 6.667e-02 6.667e-02 6.667e-02 6.667e-02 6.667e-02 6.667e-02 6.667e-02 6.667e-02 6.667e-02 6.667e-02 6.667e-02 6.667e-02 6.667e-02
6.667e-02 6.667e-02 6.667e-02 6.667e-02 6.667e-02 6.667e-02 6.667e-02 6.667e-02 6.667e-02 6.667e-02 6.667e-02 6.667e-02 6.667e-02 6.667e-02 6.667e-02 6.667e-02 6.667e-02 6.667e-02 6.667e-02 6.667e-02
6.667e-02 6.667e-02 6.667e-02 6.667e-02 6.667e-02 6.667e-02 6.667e-02 6.667e-02 6.667e-02 6.667e-02 6.667e-02 6.667e-02 6.667e-02 6.667e-02 6.667e-02 6.667e-02 6.667e-02 6.667e-02 6.667e-02 6.667e-02
1.000e+00 0.000e+00 0.000e+00 0.000e+00 0.000e+00 0.000e+00 0.000e+00 0.000e+00 0.000e+00 0.000e+00 0.000e+00 0.000e+00 0.000e+00 0.000e+00 0.000e+00 0.000e+00 0.000e+00 0.000e+00 0.000e+00 0.000e+00
0.000e+00 0.000e+00 0.000e+00 0.000e+00 0.000e+00 0.000e+00 0.000e+00 0.000e+00 0.000e+00 0.000e+00 0.000e+00 0.000e+00 0.000e+00 0.000e+00 0.000e+00 1.000e+00 0.000e+00 0.000e+00 0.000e+00 0.000e+00
0.000e+00 0.000e+00 0.000e+00 0.000e+00 0.000e+00 0.000e+00 0.000e+00 0.000e+00 0.000e+00 0.000e+00 0.000e+00 0.000e+00 0.000e+00 0.000e+00 0.000e+00 0.000e+00 1.000e+00 0.000e+00 0.000e+00 0.000e+00
0.000e+00 0.000e+00 0.000e+00 0.000e+00 0.000e+00 0.000e+00 0.000e+00 0.000e+00 0.000e+00 0.000e+00 0.000e+00 0.000e+00 0.000e+00 0.000e+00 0.000e+00 0.000e+00 0.000e+00 1.000e+00 0.000e+00 0.000e+00
0.000e+00 0.000e+00 0.000e+00 0.000e+00 0.000e+00 0.000e+00 0.000e+00 0.000e+00 0.000e+00 0.000e+00 0.000e+00 0.000e+00 0.000e+00 0.000e+00 0.000e+00 0.000e+00 0.000e+00 0.000e+00 1.000e+00 0.000e+00
0.000e+00 0.000e+00 0.000e+00 0.000e+00 0.000e+00 0.000e+00 0.000e+00 0.000e+00 0.000e+00 0.000e+00 0.000e+00 0.000e+00 0.000e+00 0.000e+00 0.000e+00 0.000e+00 0.000e+00 0.000e+00 0.000e+00 1.000e+00

9.747e-01 7.576e-03 5.051e-03 5.051e-03 0.000e+00 0.000e+00 0.000e+00 0.000e+00 5.051e-03 2.525e-03 0.000e+00 0.000e+00 0.000e+00 0.000e+00 0.000e+00 0.000e+00 0.000e+00 0.000e+00 0.000e+00 0.000e+00
6.667e-01 0.000e+00 3.333e-01 0.000e+00 0.000e+00 0.000e+00 0.000e+00 0.000e+00 0.000e+00 0.000e+00 0.000e+00 0.000e+00 0.000e+00 0.000e+00 0.000e+00 0.000e+00 0.000e+00 0.000e+00 0.000e+00 0.000e+00
5.000e-01 0.000e+00 5.000e-01 0.000e+00 0.000e+00 0.000e+00 0.000e+00 0.000e+00 0.000e+00 0.000e+00 0.000e+00 0.000e+00 0.000e+00 0.000e+00 0.000e+00 0.000e+00 0.000e+00 0.000e+00 0.000e+00 0.000e+00
1.000e+00 0.000e+00 0.000e+00 0.000e+00 0.000e+00 0.000e+00 0.000e+00 0.000e+00 0.000e+00 0.000e+00 0.000e+00 0.000e+00 0.000e+00 0.000e+00 0.000e+00 0.000e+00 0.000e+00 0.000e+00 0.000e+00 0.000e+00
6.667e-02 6.667e-02 6.667e-02 6.667e-02 6.667e-02 6.667e-02 6.667e-02 6.667e-02 6.667e-02 6.667e-02 6.667e-02 6.667e-02 6.667e-02 6.667e-02 6.667e-02 6.667e-02 6.667e-02 6.667e-02 6.667e-02 6.667e-02
6.667e-02 6.667e-02 6.667e-02 6.667e-02 6.667e-02 6.667e-02 6.667e-02 6.667e-02 6.667e-02 6.667e-02 6.667e-02 6.667e-02 6.667e-02 6.667e-02 6.667e-02 6.667e-02 6.667e-02 6.667e-02 6.667e-02 6.667e-02
1.000e+00 0.000e+00 0.000e+00 0.000e+00 0.000e+00 0.000e+00 0.000e+00 0.000e+00 0.000e+00 0.000e+00 0.000e+00 0.000e+00 0.000e+00 0.000e+00 0.000e+00 0.000e+00 0.000e+00 0.000e+00 0.000e+00 0.000e+00
6.667e-02 6.667e-02 6.667e-02 6.667e-02 6.667e-02 6.667e-02 6.667e-02 6.667e-02 6.667e-02 6.667e-02 6.667e-02 6.667e-02 6.667e-02 6.667e-02 6.667e-02 6.667e-02 6.667e-02 6.667e-02 6.667e-02 6.667e-02
6.667e-02 6.667e-02 6.667e-02 6.667e-02 6.667e-02 6.667e-02 6.667e-02 6.667e-02 6.667e-02 6.667e-02 6.667e-02 6.667e-02 6.667e-02 6.667e-02 6.667e-02 6.667e-02 6.667e-02 6.667e-02 6.667e-02 6.667e-02
1.000e+00 0.000e+00 0.000e+00 0.000e+00 0.000e+00 0.000e+00 0.000e+00 0.000e+00 0.000e+00 0.000e+00 0.000e+00 0.000e+00 0.000e+00 0.000e+00 0.000e+00 0.000e+00 0.000e+00 0.000e+00 0.000e+00 0.000e+00
6.667e-02 6.667e-02 6.667e-02 6.667e-02 6.667e-02 6.667e-02 6.667e-02 6.667e-02 6.667e-02 6.667e-02 6.667e-02 6.667e-02 6.667e-02 6.667e-02 6.667e-02 6.667e-02 6.667e-02 6.667e-02 6.667e-02 6.667e-02
6.667e-02 6.667e-02 6.667e-02 6.667e-02 6.667e-02 6.667e-02 6.667e-02 6.667e-02 6.667e-02 6.667e-02 6.667e-02 6.667e-02 6.667e-02 6.667e-02 6.667e-02 6.667e-02 6.667e-02 6.667e-02 6.667e-02 6.667e-02
6.667e-02 6.667e-02 6.667e-02 6.667e-02 6.667e-02 6.667e-02 6.667e-02 6.667e-02 6.667e-02 6.667e-02 6.667e-02 6.667e-02 6.667e-02 6.667e-02 6.667e-02 6.667e-02 6.667e-02 6.667e-02 6.667e-02 6.667e-02
6.667e-02 6.667e-02 6.667e-02 6.667e-02 6.667e-02 6.667e-02 6.667e-02 6.667e-02 6.667e-02 6.667e-02 6.667e-02 6.667e-02 6.667e-02 6.667e-02 6.667e-02 6.667e-02 6.667e-02 6.667e-02 6.667e-02 6.667e-02
6.667e-02 6.667e-02 6.667e-02 6.667e-02 6.667e-02 6.667e-02 6.667e-02 6.667e-02 6.667e-02 6.667e-02 6.667e-02 6.667e-02 6.667e-02 6.667e-02 6.667e-02 6.667e-02 6.667e-02 6.667e-02 6.667e-02 6.667e-02
0.000e+00 0.000e+00 0.000e+00 0.000e+00 0.000e+00 0.000e+00 0.000e+00 0.000e+00 0.000e+00 0.000e+00 0.000e+00 0.000e+00 0.000e+00 0.000e+00 0.000e+00 1.000e+00 0.000e+00 0.000e+00 0.000e+00 0.000e+00
0.000e+00 0.000e+00 0.000e+00 0.000e+00 0.000e+00 0.000e+00 0.000e+00 0.000e+00 0.000e+00 0.000e+00 0.000e+00 0.000e+00 0.000e+00 0.000e+00 0.000e+00 0.000e+00 1.000e+00 0.000e+00 0.000e+00 0.000e+00
0.000e+00 0.000e+00 0.000e+00 0.000e+00 0.000e+00 0.000e+00 0.000e+00 0.000e+00 0.000e+00 0.000e+00 0.000e+00 0.000e+00 0.000e+00 0.000e+00 0.000e+00 0.000e+00 0.000e+00 1.000e+00 0.000e+00 0.000e+00
0.000e+00 0.000e+00 0.000e+00 0.000e+00 0.000e+00 0.000e+00 0.000e+00 0.000e+00 0.000e+00 0.000e+00 0.000e+00 0.000e+00 0.000e+00 0.000e+00 0.000e+00 0.000e+00 0.000e+00 0.000e+00 1.000e+00 0.000e+00
0.000e+00 0.000e+00 0.000e+00 0.000e+00 0.000e+00 0.000e+00 0.000e+00 0.000e+00 0.000e+00 0.000e+00 0.000e+00 0.000e+00 0.000e+00 0.000e+00 0.000e+00 0.000e+00 0.000e+00 0.000e+00 0.000e+00 1.000e+00

9.822e-01 7.614e-03 0.000e+00 0.000e+00 2.538e-03 0.000e+00 0.000e+00 0.000e+00 2.538e-03 2.538e-03 0.000e+00 2.538e-03 0.000e+00 0.000e+00 0.000e+00 0.000e+00 0.000e+00 0.000e+00 0.000e+00 0.000e+00
3.333e-01 0.000e+00 0.000e+00 0.000e+00 3.333e-01 0.000e+00 0.000e+00 0.000e+00 0.000e+00 3.333e-01 0.000e+00 0.000e+00 0.000e+00 0.000e+00 0.000e+00 0.000e+00 0.000e+00 0.000e+00 0.000e+00 0.000e+00
1.000e+00 0.000e+00 0.000e+00 0.000e+00 0.000e+00 0.000e+00 0.000e+00 0.000e+00 0.000e+00 0.000e+00 0.000e+00 0.000e+00 0.000e+00 0.000e+00 0.000e+00 0.000e+00 0.000e+00 0.000e+00 0.000e+00 0.000e+00
1.000e+00 0.000e+00 0.000e+00 0.000e+00 0.000e+00 0.000e+00 0.000e+00 0.000e+00 0.000e+00 0.000e+00 0.000e+00 0.000e+00 0.000e+00 0.000e+00 0.000e+00 0.000e+00 0.000e+00 0.000e+00 0.000e+00 0.000e+00
6.667e-02 6.667e-02 6.667e-02 6.667e-02 6.667e-02 6.667e-02 6.667e-02 6.667e-02 6.667e-02 6.667e-02 6.667e-02 6.667e-02 6.667e-02 6.667e-02 6.667e-02 6.667e-02 6.667e-02 6.667e-02 6.667e-02 6.667e-02
6.667e-02 6.667e-02 6.667e-02 6.667e-02 6.667e-02 6.667e-02 6.667e-02 6.667e-02 6.667e-02 6.667e-02 6.667e-02 6.667e-02 6.667e-02 6.667e-02 6.667e-02 6.667e-02 6.667e-02 6.667e-02 6.667e-02 6.667e-02
6.667e-02 6.667e-02 6.667e-02 6.667e-02 6.667e-02 6.667e-02 6.667e-02 6.667e-02 6.667e-02 6.667e-02 6.667e-02 6.667e-02 6.667e-02 6.667e-02 6.667e-02 6.667e-02 6.667e-02 6.667e-02 6.667e-02 6.667e-02
6.667e-02 6.667e-02 6.667e-02 6.667e-02 6.667e-02 6.667e-02 6.667e-02 6.667e-02 6.667e-02 6.667e-02 6.667e-02 6.667e-02 6.667e-02 6.667e-02 6.667e-02 6.667e-02 6.667e-02 6.667e-02 6.667e-02 6.667e-02
1.000e+00 0.000e+00 0.000e+00 0.000e+00 0.000e+00 0.000e+00 0.000e+00 0.000e+00 0.000e+00 0.000e+00 0.000e+00 0.000e+00 0.000e+00 0.000e+00 0.000e+00 0.000e+00 0.000e+00 0.000e+00 0.000e+00 0.000e+00
1.000e+00 0.000e+00 0.000e+00 0.000e+00 0.000e+00 0.000e+00 0.000e+00 0.000e+00 0.000e+00 0.000e+00 0.000e+00 0.000e+00 0.000e+00 0.000e+00 0.000e+00 0.000e+00 0.000e+00 0.000e+00 0.000e+00 0.000e+00
6.667e-02 6.667e-02 6.667e-02 6.667e-02 6.667e-02 6.667e-02 6.667e-02 6.667e-02 6.667e-02 6.667e-02 6.667e-02 6.667e-02 6.667e-02 6.667e-02 6.667e-02 6.667e-02 6.667e-02 6.667e-02 6.667e-02 6.667e-02
6.667e-02 6.667e-02 6.667e-02 6.667e-02 6.667e-02 6.667e-02 6.667e-02 6.667e-02 6.667e-02 6.667e-02 6.667e-02 6.667e-02 6.667e-02 6.667e-02 6.667e-02 6.667e-02 6.667e-02 6.667e-02 6.667e-02 6.667e-02
6.667e-02 6.667e-02 6.667e-02 6.667e-02 6.667e-02 6.667e-02 6.667e-02 6.667e-02 6.667e-02 6.667e-02 6.667e-02 6.667e-02 6.667e-02 6.667e-02 6.667e-02 6.667e-02 6.667e-02 6.667e-02 6.667e-02 6.667e-02
6.667e-02 6.667e-02 6.667e-02 6.667e-02 6.667e-02 6.667e-02 6.667e-02 6.667e-02 6.667e-02 6.667e-02 6.667e-02 6.667e-02 6.667e-02 6.667e-02 6.667e-02 6.667e-02 6.667e-02 6.667e-02 6.667e-02 6.667e-02
6.667e-02 6.667e-02 6.667e-02 6.667e-02 6.667e-02 6.667e-02 6.667e-02 6.667e-02 6.667e-02 6.667e-02 6.667e-02 6.667e-02 6.667e-02 6.667e-02 6.667e-02 6.667e-02 6.667e-02 6.667e-02 6.667e-02 6.667e-02
0.000e+00 0.000e+00 0.000e+00 0.000e+00 0.000e+00 0.000e+00 0.000e+00 0.000e+00 0.000e+00 0.000e+00 0.000e+00 0.000e+00 0.000e+00 0.000e+00 0.000e+00 1.000e+00 0.000e+00 0.000e+00 0.000e+00 0.000e+00
0.000e+00 0.000e+00 0.000e+00 0.000e+00 0.000e+00 0.000e+00 0.000e+00 0.000e+00 0.000e+00 0.000e+00 0.000e+00 0.000e+00 0.000e+00 0.000e+00 0.000e+00 0.000e+00 1.000e+00 0.000e+00 0.000e+00 0.000e+00
0.000e+00 0.000e+00 0.000e+00 0.000e+00 0.000e+00 0.000e+00 0.000e+00 0.000e+00 0.000e+00 0.000e+00 0.000e+00 0.000e+00 0.000e+00 0.000e+00 0.000e+00 0.000e+00 0.000e+00 1.000e+00 0.000e+00 0.000e+00
0.000e+00 0.000e+00 0.000e+00 0.000e+00 0.000e+00 0.000e+00 0.000e+00 0.000e+00 0.000e+00 0.000e+00 0.000e+00 0.000e+00 0.000e+00 0.000e+00 0.000e+00 0.000e+00 0.000e+00 0.000e+00 1.000e+00 0.000e+00
0.000e+00 0.000e+00 0.000e+00 0.000e+00 0.000e+00 0.000e+00 0.000e+00 0.000e+00 0.000e+00 0.000e+00 0.000e+00 0.000e+00 0.000e+00 0.000e+00 0.000e+00 0.000e+00 0.000e+00 0.000e+00 0.000e+00 1.000e+00

9.698e-01 1.511e-02 7.557e-03 0.000e+00 2.519e-03 0.000e+00 0.000e+00 0.000e+00 5.038e-03 0.000e+00 0.000e+00 0.000e+00 0.000e+00 0.000e+00 0.000e+00 0.000e+00 0.000e+00 0.000e+00 0.000e+00 0.000e+00
1.000e+00 0.000e+00 0.000e+00 0.000e+00 0.000e+00 0.000e+00 0.000e+00 0.000e+00 0.000e+00 0.000e+00 0.000e+00 0.000e+00 0.000e+00 0.000e+00 0.000e+00 0.000e+00 0.000e+00 0.000e+00 0.000e+00 0.000e+00
6.667e-02 6.667e-02 6.667e-02 6.667e-02 6.667e-02 6.667e-02 6.667e-02 6.667e-02 6.667e-02 6.667e-02 6.667e-02 6.667e-02 6.667e-02 6.667e-02 6.667e-02 6.667e-02 6.667e-02 6.667e-02 6.667e-02 6.667e-02
6.667e-02 6.667e-02 6.667e-02 6.667e-02 6.667e-02 6.667e-02 6.667e-02 6.667e-02 6.667e-02 6.667e-02 6.667e-02 6.667e-02 6.667e-02 6.667e-02 6.667e-02 6.667e-02 6.667e-02 6.667e-02 6.667e-02 6.667e-02
1.000e+00 0.000e+00 0.000e+00 0.000e+00 0.000e+00 0.000e+00 0.000e+00 0.000e+00 0.000e+00 0.000e+00 0.000e+00 0.000e+00 0.000e+00 0.000e+00 0.000e+00 0.000e+00 0.000e+00 0.000e+00 0.000e+00 0.000e+00
6.667e-02 6.667e-02 6.667e-02 6.667e-02 6.667e-02 6.667e-02 6.667e-02 6.667e-02 6.667e-02 6.667e-02 6.667e-02 6.667e-02 6.667e-02 6.667e-02 6.667e-02 6.667e-02 6.667e-02 6.667e-02 6.667e-02 6.667e-02
6.667e-02 6.667e-02 6.667e-02 6.667e-02 6.667e-02 6.667e-02 6.667e-02 6.667e-02 6.667e-02 6.667e-02 6.667e-02 6.667e-02 6.667e-02 6.667e-02 6.667e-02 6.667e-02 6.667e-02 6.667e-02 6.667e-02 6.667e-02
6.667e-02 6.667e-02 6.667e-02 6.667e-02 6.667e-02 6.667e-02 6.667e-02 6.667e-02 6.667e-02 6.667e-02 6.667e-02 6.667e-02 6.667e-02 6.667e-02 6.667e-02 6.667e-02 6.667e-02 6.667e-02 6.667e-02 6.667e-02
0.000e+00 0.000e+00 1.000e+00 0.000e+00 0.000e+00 0.000e+00 0.000e+00 0.000e+00 0.000e+00 0.000e+00 0.000e+00 0.000e+00 0.000e+00 0.000e+00 0.000e+00 0.000e+00 0.000e+00 0.000e+00 0.000e+00 0.000e+00
0.000e+00 0.000e+00 0.000e+00 0.000e+00 0.000e+00 0.000e+00 0.000e+00 0.000e+00 0.000e+00 1.000e+00 0.000e+00 0.000e+00 0.000e+00 0.000e+00 0.000e+00 0.000e+00 0.000e+00 0.000e+00 0.000e+00 0.000e+00
6.667e-02 6.667e-02 6.667e-02 6.667e-02 6.667e-02 6.667e-02 6.667e-02 6.667e-02 6.667e-02 6.667e-02 6.667e-02 6.667e-02 6.667e-02 6.667e-02 6.667e-02 6.667e-02 6.667e-02 6.667e-02 6.667e-02 6.667e-02
1.000e+00 0.000e+00 0.000e+00 0.000e+00 0.000e+00 0.000e+00 0.000e+00 0.000e+00 0.000e+00 0.000e+00 0.000e+00 0.000e+00 0.000e+00 0.000e+00 0.000e+00 0.000e+00 0.000e+00 0.000e+00 0.000e+00 0.000e+00
6.667e-02 6.667e-02 6.667e-02 6.667e-02 6.667e-02 6.667e-02 6.667e-02 6.667e-02 6.667e-02 6.667e-02 6.667e-02 6.667e-02 6.667e-02 6.667e-02 6.667e-02 6.667e-02 6.667e-02 6.667e-02 6.667e-02 6.667e-02
6.667e-02 6.667e-02 6.667e-02 6.667e-02 6.667e-02 6.667e-02 6.667e-02 6.667e-02 6.667e-02 6.667e-02 6.667e-02 6.667e-02 6.667e-02 6.667e-02 6.667e-02 6.667e-02 6.667e-02 6.667e-02 6.667e-02 6.667e-02
6.667e-02 6.667e-02 6.667e-02 6.667e-02 6.667e-02 6.667e-02 6.667e-02 6.667e-02 6.667e-02 6.667e-02 6.667e-02 6.667e-02 6.667e-02 6.667e-02 6.667e-02 6.667e-02 6.667e-02 6.667e-02 6.667e-02 6.667e-02
0.000e+00 0.000e+00 0.000e+00 0.000e+00 0.000e+00 0.000e+00 0.000e+00 0.000e+00 0.000e+00 0.000e+00 0.000e+00 0.000e+00 0.000e+00 0.000e+00 0.000e+00 1.000e+00 0.000e+00 0.000e+00 0.000e+00 0.000e+00
0.000e+00 0.000e+00 0.000e+00 0.000e+00 0.000e+00 0.000e+00 0.000e+00 0.000e+00 0.000e+00 0.000e+00 0.000e+00 0.000e+00 0.000e+00 0.000e+00 0.000e+00 0.000e+00 1.000e+00 0.000e+00 0.000e+00 0.000e+00
0.000e+00 0.000e+00 0.000e+00 0.000e+00 0.000e+00 0.000e+00 0.000e+00 0.000e+00 0.000e+00 0.000e+00 0.000e+00 0.000e+00 0.000e+00 0.000e+00 0.000e+00 0.000e+00 0.000e+00 1.000e+00 0.000e+00 0.000e+00
0.000e+00 0.000e+00 0.000e+00 0.000e+00 0.000e+00 0.000e+00 0.000e+00 0.000e+00 0.000e+00 0.000e+00 0.000e+00 0.000e+00 0.000e+00 0.000e+00 0.000e+00 0.000e+00 0.000e+00 0.000e+00 1.000e+00 0.000e+00
0.000e+00 0.000e+00 0.000e+00 0.000e+00 0.000e+00 0.000e+00 0.000e+00 0.000e+00 0.000e+00 0.000e+00 0.000e+00 0.000e+00 0.000e+00 0.000e+00 0.000e+00 0.000e+00 0.000e+00 0.000e+00 0.000e+00 1.000e+00

9.821e-01 2.558e-03 0.000e+00 2.558e-03 5.115e-03 0.000e+00 0.000e+00 0.000e+00 2.558e-03 5.115e-03 0.000e+00 0.000e+00 0.000e+00 0.000e+00 0.000e+00 0.000e+00 0.000e+00 0.000e+00 0.000e+00 0.000e+00
6.667e-01 1.667e-01 0.000e+00 0.000e+00 0.000e+00 0.000e+00 0.000e+00 0.000e+00 0.000e+00 1.667e-01 0.000e+00 0.000e+00 0.000e+00 0.000e+00 0.000e+00 0.000e+00 0.000e+00 0.000e+00 0.000e+00 0.000e+00
5.000e-01 0.000e+00 2.500e-01 0.000e+00 0.000e+00 0.000e+00 0.000e+00 0.000e+00 2.500e-01 0.000e+00 0.000e+00 0.000e+00 0.000e+00 0.000e+00 0.000e+00 0.000e+00 0.000e+00 0.000e+00 0.000e+00 0.000e+00
6.667e-02 6.667e-02 6.667e-02 6.667e-02 6.667e-02 6.667e-02 6.667e-02 6.667e-02 6.667e-02 6.667e-02 6.667e-02 6.667e-02 6.667e-02 6.667e-02 6.667e-02 6.667e-02 6.667e-02 6.667e-02 6.667e-02 6.667e-02
1.000e+00 0.000e+00 0.000e+00 0.000e+00 0.000e+00 0.000e+00 0.000e+00 0.000e+00 0.000e+00 0.000e+00 0.000e+00 0.000e+00 0.000e+00 0.000e+00 0.000e+00 0.000e+00 0.000e+00 0.000e+00 0.000e+00 0.000e+00
6.667e-02 6.667e-02 6.667e-02 6.667e-02 6.667e-02 6.667e-02 6.667e-02 6.667e-02 6.667e-02 6.667e-02 6.667e-02 6.667e-02 6.667e-02 6.667e-02 6.667e-02 6.667e-02 6.667e-02 6.667e-02 6.667e-02 6.667e-02
6.667e-02 6.667e-02 6.667e-02 6.667e-02 6.667e-02 6.667e-02 6.667e-02 6.667e-02 6.667e-02 6.667e-02 6.667e-02 6.667e-02 6.667e-02 6.667e-02 6.667e-02 6.667e-02 6.667e-02 6.667e-02 6.667e-02 6.667e-02
6.667e-02 6.667e-02 6.667e-02 6.667e-02 6.667e-02 6.667e-02 6.667e-02 6.667e-02 6.667e-02 6.667e-02 6.667e-02 6.667e-02 6.667e-02 6.667e-02 6.667e-02 6.667e-02 6.667e-02 6.667e-02 6.667e-02 6.667e-02
5.000e-01 0.000e+00 0.000e+00 0.000e+00 0.000e+00 0.000e+00 0.000e+00 0.000e+00 5.000e-01 0.000e+00 0.000e+00 0.000e+00 0.000e+00 0.000e+00 0.000e+00 0.000e+00 0.000e+00 0.000e+00 0.000e+00 0.000e+00
5.000e-01 0.000e+00 0.000e+00 0.000e+00 5.000e-01 0.000e+00 0.000e+00 0.000e+00 0.000e+00 0.000e+00 0.000e+00 0.000e+00 0.000e+00 0.000e+00 0.000e+00 0.000e+00 0.000e+00 0.000e+00 0.000e+00 0.000e+00
6.667e-02 6.667e-02 6.667e-02 6.667e-02 6.667e-02 6.667e-02 6.667e-02 6.667e-02 6.667e-02 6.667e-02 6.667e-02 6.667e-02 6.667e-02 6.667e-02 6.667e-02 6.667e-02 6.667e-02 6.667e-02 6.667e-02 6.667e-02
6.667e-02 6.667e-02 6.667e-02 6.667e-02 6.667e-02 6.667e-02 6.667e-02 6.667e-02 6.667e-02 6.667e-02 6.667e-02 6.667e-02 6.667e-02 6.667e-02 6.667e-02 6.667e-02 6.667e-02 6.667e-02 6.667e-02 6.667e-02
6.667e-02 6.667e-02 6.667e-02 6.667e-02 6.667e-02 6.667e-02 6.667e-02 6.667e-02 6.667e-02 6.667e-02 6.667e-02 6.667e-02 6.667e-02 6.667e-02 6.667e-02 6.667e-02 6.667e-02 6.667e-02 6.667e-02 6.667e-02
6.667e-02 6.667e-02 6.667e-02 6.667e-02 6.667e-02 6.667e-02 6.667e-02 6.667e-02 6.667e-02 6.667e-02 6.667e-02 6.667e-02 6.667e-02 6.667e-02 6.667e-02 6.667e-02 6.667e-02 6.667e-02 6.667e-02 6.667e-02
6.667e-02 6.667e-02 6.667e-02 6.667e-02 6.667e-02 6.667e-02 6.667e-02 6.667e-02 6.667e-02 6.667e-02 6.667e-02 6.667e-02 6.667e-02 6.667e-02 6.667e-02 6.667e-02 6.667e-02 6.667e-02 6.667e-02 6.667e-02
0.000e+00 0.000e+00 0.000e+00 0.000e+00 0.000e+00 0.000e+00 0.000e+00 0.000e+00 0.000e+00 0.000e+00 0.000e+00 0.000e+00 0.000e+00 0.000e+00 0.000e+00 1.000e+00 0.000e+00 0.000e+00 0.000e+00 0.000e+00
0.000e+00 0.000e+00 0.000e+00 0.000e+00 0.000e+00 0.000e+00 0.000e+00 0.000e+00 0.000e+00 0.000e+00 0.000e+00 0.000e+00 0.000e+00 0.000e+00 0.000e+00 0.000e+00 1.000e+00 0.000e+00 0.000e+00 0.000e+00
0.000e+00 0.000e+00 0.000e+00 0.000e+00 0.000e+00 0.000e+00 0.000e+00 0.000e+00 0.000e+00 0.000e+00 0.000e+00 0.000e+00 0.000e+00 0.000e+00 0.000e+00 0.000e+00 0.000e+00 1.000e+00 0.000e+00 0.000e+00
0.000e+00 0.000e+00 0.000e+00 0.000e+00 0.000e+00 0.000e+00 0.000e+00 0.000e+00 0.000e+00 0.000e+00 0.000e+00 0.000e+00 0.000e+00 0.000e+00 0.000e+00 0.000e+00 0.000e+00 0.000e+00 1.000e+00 0.000e+00
0.000e+00 0.000e+00 0.000e+00 0.000e+00 0.000e+00 0.000e+00 0.000e+00 0.000e+00 0.000e+00 0.000e+00 0.000e+00 0.000e+00 0.000e+00 0.000e+00 0.000e+00 0.000e+00 0.000e+00 0.000e+00 0.000e+00 1.000e+00

9.822e-01 0.000e+00 0.000e+00 0.000e+00 1.018e-02 0.000e+00 0.000e+00 0.000e+00 2.545e-03 5.089e-03 0.000e+00 0.000e+00 0.000e+00 0.000e+00 0.000e+00 0.000e+00 0.000e+00 0.000e+00 0.000e+00 0.000e+00
1.000e+00 0.000e+00 0.000e+00 0.000e+00 0.000e+00 0.000e+00 0.000e+00 0.000e+00 0.000e+00 0.000e+00 0.000e+00 0.000e+00 0.000e+00 0.000e+00 0.000e+00 0.000e+00 0.000e+00 0.000e+00 0.000e+00 0.000e+00
1.000e+00 0.000e+00 0.000e+00 0.000e+00 0.000e+00 0.000e+00 0.000e+00 0.000e+00 0.000e+00 0.000e+00 0.000e+00 0.000e+00 0.000e+00 0.000e+00 0.000e+00 0.000e+00 0.000e+00 0.000e+00 0.000e+00 0.000e+00
1.000e+00 0.000e+00 0.000e+00 0.000e+00 0.000e+00 0.000e+00 0.000e+00 0.000e+00 0.000e+00 0.000e+00 0.000e+00 0.000e+00 0.000e+00 0.000e+00 0.000e+00 0.000e+00 0.000e+00 0.000e+00 0.000e+00 0.000e+00
1.000e+00 0.000e+00 0.000e+00 0.000e+00 0.000e+00 0.000e+00 0.000e+00 0.000e+00 0.000e+00 0.000e+00 0.000e+00 0.000e+00 0.000e+00 0.000e+00 0.000e+00 0.000e+00 0.000e+00 0.000e+00 0.000e+00 0.000e+00
6.667e-02 6.667e-02 6.667e-02 6.667e-02 6.667e-02 6.667e-02 6.667e-02 6.667e-02 6.667e-02 6.667e-02 6.667e-02 6.667e-02 6.667e-02 6.667e-02 6.667e-02 6.667e-02 6.667e-02 6.667e-02 6.667e-02 6.667e-02
6.667e-02 6.667e-02 6.667e-02 6.667e-02 6.667e-02 6.667e-02 6.667e-02 6.667e-02 6.667e-02 6.667e-02 6.667e-02 6.667e-02 6.667e-02 6.667e-02 6.667e-02 6.667e-02 6.667e-02 6.667e-02 6.667e-02 6.667e-02
6.667e-02 6.667e-02 6.667e-02 6.667e-02 6.667e-02 6.667e-02 6.667e-02 6.667e-02 6.667e-02 6.667e-02 6.667e-02 6.667e-02 6.667e-02 6.667e-02 6.667e-02 6.667e-02 6.667e-02 6.667e-02 6.667e-02 6.667e-02
6.667e-01 0.000e+00 0.000e+00 0.000e+00 0.000e+00 0.000e+00 0.000e+00 0.000e+00 3.333e-01 0.000e+00 0.000e+00 0.000e+00 0.000e+00 0.000e+00 0.000e+00 0.000e+00 0.000e+00 0.000e+00 0.000e+00 0.000e+00
1.000e+00 0.000e+00 0.000e+00 0.000e+00 0.000e+00 0.000e+00 0.000e+00 0.000e+00 0.000e+00 0.000e+00 0.000e+00 0.000e+00 0.000e+00 0.000e+00 0.000e+00 0.000e+00 0.000e+00 0.000e+00 0.000e+00 0.000e+00
6.667e-02 6.667e-02 6.667e-02 6.667e-02 6.667e-02 6.667e-02 6.667e-02 6.667e-02 6.667e-02 6.667e-02 6.667e-02 6.667e-02 6.667e-02 6.667e-02 6.667e-02 6.667e-02 6.667e-02 6.667e-02 6.667e-02 6.667e-02
6.667e-02 6.667e-02 6.667e-02 6.667e-02 6.667e-02 6.667e-02 6.667e-02 6.667e-02 6.667e-02 6.667e-02 6.667e-02 6.667e-02 6.667e-02 6.667e-02 6.667e-02 6.667e-02 6.667e-02 6.667e-02 6.667e-02 6.667e-02
6.667e-02 6.667e-02 6.667e-02 6.667e-02 6.667e-02 6.667e-02 6.667e-02 6.667e-02 6.667e-02 6.667e-02 6.667e-02 6.667e-02 6.667e-02 6.667e-02 6.667e-02 6.667e-02 6.667e-02 6.667e-02 6.667e-02 6.667e-02
6.667e-02 6.667e-02 6.667e-02 6.667e-02 6.667e-02 6.667e-02 6.667e-02 6.667e-02 6.667e-02 6.667e-02 6.667e-02 6.667e-02 6.667e-02 6.667e-02 6.667e-02 6.667e-02 6.667e-02 6.667e-02 6.667e-02 6.667e-02
6.667e-02 6.667e-02 6.667e-02 6.667e-02 6.667e-02 6.667e-02 6.667e-02 6.667e-02 6.667e-02 6.667e-02 6.667e-02 6.667e-02 6.667e-02 6.667e-02 6.667e-02 6.667e-02 6.667e-02 6.667e-02 6.667e-02 6.667e-02
0.000e+00 0.000e+00 0.000e+00 0.000e+00 0.000e+00 0.000e+00 0.000e+00 0.000e+00 0.000e+00 0.000e+00 0.000e+00 0.000e+00 0.000e+00 0.000e+00 0.000e+00 1.000e+00 0.000e+00 0.000e+00 0.000e+00 0.000e+00
0.000e+00 0.000e+00 0.000e+00 0.000e+00 0.000e+00 0.000e+00 0.000e+00 0.000e+00 0.000e+00 0.000e+00 0.000e+00 0.000e+00 0.000e+00 0.000e+00 0.000e+00 0.000e+00 1.000e+00 0.000e+00 0.000e+00 0.000e+00
0.000e+00 0.000e+00 0.000e+00 0.000e+00 0.000e+00 0.000e+00 0.000e+00 0.000e+00 0.000e+00 0.000e+00 0.000e+00 0.000e+00 0.000e+00 0.000e+00 0.000e+00 0.000e+00 0.000e+00 1.000e+00 0.000e+00 0.000e+00
0.000e+00 0.000e+00 0.000e+00 0.000e+00 0.000e+00 0.000e+00 0.000e+00 0.000e+00 0.000e+00 0.000e+00 0.000e+00 0.000e+00 0.000e+00 0.000e+00 0.000e+00 0.000e+00 0.000e+00 0.000e+00 1.000e+00 0.000e+00
0.000e+00 0.000e+00 0.000e+00 0.000e+00 0.000e+00 0.000e+00 0.000e+00 0.000e+00 0.000e+00 0.000e+00 0.000e+00 0.000e+00 0.000e+00 0.000e+00 0.000e+00 0.000e+00 0.000e+00 0.000e+00 0.000e+00 1.000e+00

9.824e-01 0.000e+00 0.000e+00 0.000e+00 5.025e-03 0.000e+00 0.000e+00 0.000e+00 2.513e-03 1.005e-02 0.000e+00 0.000e+00 0.000e+00 0.000e+00 0.000e+00 0.000e+00 0.000e+00 0.000e+00 0.000e+00 0.000e+00
6.667e-02 6.667e-02 6.667e-02 6.667e-02 6.667e-02 6.667e-02 6.667e-02 6.667e-02 6.667e-02 6.667e-02 6.667e-02 6.667e-02 6.667e-02 6.667e-02 6.667e-02 6.667e-02 6.667e-02 6.667e-02 6.667e-02 6.667e-02
6.667e-02 6.667e-02 6.667e-02 6.667e-02 6.667e-02 6.667e-02 6.667e-02 6.667e-02 6.667e-02 6.667e-02 6.667e-02 6.667e-02 6.667e-02 6.667e-02 6.667e-02 6.667e-02 6.667e-02 6.667e-02 6.667e-02 6.667e-02
6.667e-02 6.667e-02 6.667e-02 6.667e-02 6.667e-02 6.667e-02 6.667e-02 6.667e-02 6.667e-02 6.667e-02 6.667e-02 6.667e-02 6.667e-02 6.667e-02 6.667e-02 6.667e-02 6.667e-02 6.667e-02 6.667e-02 6.667e-02
1.000e+00 0.000e+00 0.000e+00 0.000e+00 0.000e+00 0.000e+00 0.000e+00 0.000e+00 0.000e+00 0.000e+00 0.000e+00 0.000e+00 0.000e+00 0.000e+00 0.000e+00 0.000e+00 0.000e+00 0.000e+00 0.000e+00 0.000e+00
6.667e-02 6.667e-02 6.667e-02 6.667e-02 6.667e-02 6.667e-02 6.667e-02 6.667e-02 6.667e-02 6.667e-02 6.667e-02 6.667e-02 6.667e-02 6.667e-02 6.667e-02 6.667e-02 6.667e-02 6.667e-02 6.667e-02 6.667e-02
6.667e-02 6.667e-02 6.667e-02 6.667e-02 6.667e-02 6.667e-02 6.667e-02 6.667e-02 6.667e-02 6.667e-02 6.667e-02 6.667e-02 6.667e-02 6.667e-02 6.667e-02 6.667e-02 6.667e-02 6.667e-02 6.667e-02 6.667e-02
6.667e-02 6.667e-02 6.667e-02 6.667e-02 6.667e-02 6.667e-02 6.667e-02 6.667e-02 6.667e-02 6.667e-02 6.667e-02 6.667e-02 6.667e-02 6.667e-02 6.667e-02 6.667e-02 6.667e-02 6.667e-02 6.667e-02 6.667e-02
5.000e-01 0.000e+00 0.000e+00 0.000e+00 0.000e+00 0.000e+00 0.000e+00 0.000e+00 5.000e-01 0.000e+00 0.000e+00 0.000e+00 0.000e+00 0.000e+00 0.000e+00 0.000e+00 0.000e+00 0.000e+00 0.000e+00 0.000e+00
1.000e+00 0.000e+00 0.000e+00 0.000e+00 0.000e+00 0.000e+00 0.000e+00 0.000e+00 0.000e+00 0.000e+00 0.000e+00 0.000e+00 0.000e+00 0.000e+00 0.000e+00 0.000e+00 0.000e+00 0.000e+00 0.000e+00 0.000e+00
6.667e-02 6.667e-02 6.667e-02 6.667e-02 6.667e-02 6.667e-02 6.667e-02 6.667e-02 6.667e-02 6.667e-02 6.667e-02 6.667e-02 6.667e-02 6.667e-02 6.667e-02 6.667e-02 6.667e-02 6.667e-02 6.667e-02 6.667e-02
6.667e-02 6.667e-02 6.667e-02 6.667e-02 6.667e-02 6.667e-02 6.667e-02 6.667e-02 6.667e-02 6.667e-02 6.667e-02 6.667e-02 6.667e-02 6.667e-02 6.667e-02 6.667e-02 6.667e-02 6.667e-02 6.667e-02 6.667e-02
6.667e-02 6.667e-02 6.667e-02 6.667e-02 6.667e-02 6.667e-02 6.667e-02 6.667e-02 6.667e-02 6.667e-02 6.667e-02 6.667e-02 6.667e-02 6.667e-02 6.667e-02 6.667e-02 6.667e-02 6.667e-02 6.667e-02 6.667e-02
6.667e-02 6.667e-02 6.667e-02 6.667e-02 6.667e-02 6.667e-02 6.667e-02 6.667e-02 6.667e-02 6.667e-02 6.667e-02 6.667e-02 6.667e-02 6.667e-02 6.667e-02 6.667e-02 6.667e-02 6.667e-02 6.667e-02 6.667e-02
6.667e-02 6.667e-02 6.667e-02 6.667e-02 6.667e-02 6.667e-02 6.667e-02 6.667e-02 6.667e-02 6.667e-02 6.667e-02 6.667e-02 6.667e-02 6.667e-02 6.667e-02 6.667e-02 6.667e-02 6.667e-02 6.667e-02 6.667e-02
0.000e+00 0.000e+00 0.000e+00 0.000e+00 0.000e+00 0.000e+00 0.000e+00 0.000e+00 0.000e+00 0.000e+00 0.000e+00 0.000e+00 0.000e+00 0.000e+00 0.000e+00 1.000e+00 0.000e+00 0.000e+00 0.000e+00 0.000e+00
0.000e+00 0.000e+00 0.000e+00 0.000e+00 0.000e+00 0.000e+00 0.000e+00 0.000e+00 0.000e+00 0.000e+00 0.000e+00 0.000e+00 0.000e+00 0.000e+00 0.000e+00 0.000e+00 1.000e+00 0.000e+00 0.000e+00 0.000e+00
0.000e+00 0.000e+00 0.000e+00 0.000e+00 0.000e+00 0.000e+00 0.000e+00 0.000e+00 0.000e+00 0.000e+00 0.000e+00 0.000e+00 0.000e+00 0.000e+00 0.000e+00 0.000e+00 0.000e+00 1.000e+00 0.000e+00 0.000e+00
0.000e+00 0.000e+00 0.000e+00 0.000e+00 0.000e+00 0.000e+00 0.000e+00 0.000e+00 0.000e+00 0.000e+00 0.000e+00 0.000e+00 0.000e+00 0.000e+00 0.000e+00 0.000e+00 0.000e+00 0.000e+00 1.000e+00 0.000e+00
0.000e+00 0.000e+00 0.000e+00 0.000e+00 0.000e+00 0.000e+00 0.000e+00 0.000e+00 0.000e+00 0.000e+00 0.000e+00 0.000e+00 0.000e+00 0.000e+00 0.000e+00 0.000e+00 0.000e+00 0.000e+00 0.000e+00 1.000e+00

9.799e-01 5.025e-03 0.000e+00 0.000e+00 2.513e-03 0.000e+00 0.000e+00 0.000e+00 7.538e-03 5.025e-03 0.000e+00 0.000e+00 0.000e+00 0.000e+00 0.000e+00 0.000e+00 0.000e+00 0.000e+00 0.000e+00 0.000e+00
6.667e-02 6.667e-02 6.667e-02 6.667e-02 6.667e-02 6.667e-02 6.667e-02 6.667e-02 6.667e-02 6.667e-02 6.667e-02 6.667e-02 6.667e-02 6.667e-02 6.667e-02 6.667e-02 6.667e-02 6.667e-02 6.667e-02 6.667e-02
6.667e-02 6.667e-02 6.667e-02 6.667e-02 6.667e-02 6.667e-02 6.667e-02 6.667e-02 6.667e-02 6.667e-02 6.667e-02 6.667e-02 6.667e-02 6.667e-02 6.667e-02 6.667e-02 6.667e-02 6.667e-02 6.667e-02 6.667e-02
6.667e-02 6.667e-02 6.667e-02 6.667e-02 6.667e-02 6.667e-02 6.667e-02 6.667e-02 6.667e-02 6.667e-02 6.667e-02 6.667e-02 6.667e-02 6.667e-02 6.667e-02 6.667e-02 6.667e-02 6.667e-02 6.667e-02 6.667e-02
1.000e+00 0.000e+00 0.000e+00 0.000e+00 0.000e+00 0.000e+00 0.000e+00 0.000e+00 0.000e+00 0.000e+00 0.000e+00 0.000e+00 0.000e+00 0.000e+00 0.000e+00 0.000e+00 0.000e+00 0.000e+00 0.000e+00 0.000e+00
6.667e-02 6.667e-02 6.667e-02 6.667e-02 6.667e-02 6.667e-02 6.667e-02 6.667e-02 6.667e-02 6.667e-02 6.667e-02 6.667e-02 6.667e-02 6.667e-02 6.667e-02 6.667e-02 6.667e-02 6.667e-02 6.667e-02 6.667e-02
6.667e-02 6.667e-02 6.667e-02 6.667e-02 6.667e-02 6.667e-02 6.667e-02 6.667e-02 6.667e-02 6.667e-02 6.667e-02 6.667e-02 6.667e-02 6.667e-02 6.667e-02 6.667e-02 6.667e-02 6.667e-02 6.667e-02 6.667e-02
6.667e-02 6.667e-02 6.667e-02 6.667e-02 6.667e-02 6.667e-02 6.667e-02 6.667e-02 6.667e-02 6.667e-02 6.667e-02 6.667e-02 6.667e-02 6.667e-02 6.667e-02 6.667e-02 6.667e-02 6.667e-02 6.667e-02 6.667e-02
5.000e-01 0.000e+00 0.000e+00 0.000e+00 0.000e+00 0.000e+00 0.000e+00 0.000e+00 5.000e-01 0.000e+00 0.000e+00 0.000e+00 0.000e+00 0.000e+00 0.000e+00 0.000e+00 0.000e+00 0.000e+00 0.000e+00 0.000e+00
5.000e-01 0.000e+00 0.000e+00 0.000e+00 2.500e-01 0.000e+00 0.000e+00 0.000e+00 0.000e+00 2.500e-01 0.000e+00 0.000e+00 0.000e+00 0.000e+00 0.000e+00 0.000e+00 0.000e+00 0.000e+00 0.000e+00 0.000e+00
6.667e-02 6.667e-02 6.667e-02 6.667e-02 6.667e-02 6.667e-02 6.667e-02 6.667e-02 6.667e-02 6.667e-02 6.667e-02 6.667e-02 6.667e-02 6.667e-02 6.667e-02 6.667e-02 6.667e-02 6.667e-02 6.667e-02 6.667e-02
6.667e-02 6.667e-02 6.667e-02 6.667e-02 6.667e-02 6.667e-02 6.667e-02 6.667e-02 6.667e-02 6.667e-02 6.667e-02 6.667e-02 6.667e-02 6.667e-02 6.667e-02 6.667e-02 6.667e-02 6.667e-02 6.667e-02 6.667e-02
6.667e-02 6.667e-02 6.667e-02 6.667e-02 6.667e-02 6.667e-02 6.667e-02 6.667e-02 6.667e-02 6.667e-02 6.667e-02 6.667e-02 6.667e-02 6.667e-02 6.667e-02 6.667e-02 6.667e-02 6.667e-02 6.667e-02 6.667e-02
6.667e-02 6.667e-02 6.667e-02 6.667e-02 6.667e-02 6.667e-02 6.667e-02 6.667e-02 6.667e-02 6.667e-02 6.667e-02 6.667e-02 6.667e-02 6.667e-02 6.667e-02 6.667e-02 6.667e-02 6.667e-02 6.667e-02 6.667e-02
6.667e-02 6.667e-02 6.667e-02 6.667e-02 6.667e-02 6.667e-02 6.667e-02 6.667e-02 6.667e-02 6.667e-02 6.667e-02 6.667e-02 6.667e-02 6.667e-02 6.667e-02 6.667e-02 6.667e-02 6.667e-02 6.667e-02 6.667e-02
0.000e+00 0.000e+00 0.000e+00 0.000e+00 0.000e+00 0.000e+00 0.000e+00 0.000e+00 0.000e+00 0.000e+00 0.000e+00 0.000e+00 0.000e+00 0.000e+00 0.000e+00 1.000e+00 0.000e+00 0.000e+00 0.000e+00 0.000e+00
0.000e+00 0.000e+00 0.000e+00 0.000e+00 0.000e+00 0.000e+00 0.000e+00 0.000e+00 0.000e+00 0.000e+00 0.000e+00 0.000e+00 0.000e+00 0.000e+00 0.000e+00 0.000e+00 1.000e+00 0.000e+00 0.000e+00 0.000e+00
0.000e+00 0.000e+00 0.000e+00 0.000e+00 0.000e+00 0.000e+00 0.000e+00 0.000e+00 0.000e+00 0.000e+00 0.000e+00 0.000e+00 0.000e+00 0.000e+00 0.000e+00 0.000e+00 0.000e+00 1.000e+00 0.000e+00 0.000e+00
0.000e+00 0.000e+00 0.000e+00 0.000e+00 0.000e+00 0.000e+00 0.000e+00 0.000e+00 0.000e+00 0.000e+00 0.000e+00 0.000e+00 0.000e+00 0.000e+00 0.000e+00 0.000e+00 0.000e+00 0.000e+00 1.000e+00 0.000e+00
0.000e+00 0.000e+00 0.000e+00 0.000e+00 0.000e+00 0.000e+00 0.000e+00 0.000e+00 0.000e+00 0.000e+00 0.000e+00 0.000e+00 0.000e+00 0.000e+00 0.000e+00 0.000e+00 0.000e+00 0.000e+00 0.000e+00 1.000e+00

9.873e-01 0.000e+00 0.000e+00 0.000e+00 5.063e-03 0.000e+00 0.000e+00 0.000e+00 5.063e-03 0.000e+00 0.000e+00 2.532e-03 0.000e+00 0.000e+00 0.000e+00 0.000e+00 0.000e+00 0.000e+00 0.000e+00 0.000e+00
1.000e+00 0.000e+00 0.000e+00 0.000e+00 0.000e+00 0.000e+00 0.000e+00 0.000e+00 0.000e+00 0.000e+00 0.000e+00 0.000e+00 0.000e+00 0.000e+00 0.000e+00 0.000e+00 0.000e+00 0.000e+00 0.000e+00 0.000e+00
6.667e-02 6.667e-02 6.667e-02 6.667e-02 6.667e-02 6.667e-02 6.667e-02 6.667e-02 6.667e-02 6.667e-02 6.667e-02 6.667e-02 6.667e-02 6.667e-02 6.667e-02 6.667e-02 6.667e-02 6.667e-02 6.667e-02 6.667e-02
6.667e-02 6.667e-02 6.667e-02 6.667e-02 6.667e-02 6.667e-02 6.667e-02 6.667e-02 6.667e-02 6.667e-02 6.667e-02 6.667e-02 6.667e-02 6.667e-02 6.667e-02 6.667e-02 6.667e-02 6.667e-02 6.667e-02 6.667e-02
5.000e-01 0.000e+00 0.000e+00 0.000e+00 5.000e-01 0.000e+00 0.000e+00 0.000e+00 0.000e+00 0.000e+00 0.000e+00 0.000e+00 0.000e+00 0.000e+00 0.000e+00 0.000e+00 0.000e+00 0.000e+00 0.000e+00 0.000e+00
6.667e-02 6.667e-02 6.667e-02 6.667e-02 6.667e-02 6.667e-02 6.667e-02 6.667e-02 6.667e-02 6.667e-02 6.667e-02 6.667e-02 6.667e-02 6.667e-02 6.667e-02 6.667e-02 6.667e-02 6.667e-02 6.667e-02 6.667e-02
6.667e-02 6.667e-02 6.667e-02 6.667e-02 6.667e-02 6.667e-02 6.667e-02 6.667e-02 6.667e-02 6.667e-02 6.667e-02 6.667e-02 6.667e-02 6.667e-02 6.667e-02 6.667e-02 6.667e-02 6.667e-02 6.667e-02 6.667e-02
6.667e-02 6.667e-02 6.667e-02 6.667e-02 6.667e-02 6.667e-02 6.667e-02 6.667e-02 6.667e-02 6.667e-02 6.667e-02 6.667e-02 6.667e-02 6.667e-02 6.667e-02 6.667e-02 6.667e-02 6.667e-02 6.667e-02 6.667e-02
5.000e-01 0.000e+00 0.000e+00 0.000e+00 0.000e+00 0.000e+00 0.000e+00 0.000e+00 5.000e-01 0.000e+00 0.000e+00 0.000e+00 0.000e+00 0.000e+00 0.000e+00 0.000e+00 0.000e+00 0.000e+00 0.000e+00 0.000e+00
6.667e-01 0.000e+00 0.000e+00 0.000e+00 0.000e+00 0.000e+00 0.000e+00 0.000e+00 3.333e-01 0.000e+00 0.000e+00 0.000e+00 0.000e+00 0.000e+00 0.000e+00 0.000e+00 0.000e+00 0.000e+00 0.000e+00 0.000e+00
6.667e-02 6.667e-02 6.667e-02 6.667e-02 6.667e-02 6.667e-02 6.667e-02 6.667e-02 6.667e-02 6.667e-02 6.667e-02 6.667e-02 6.667e-02 6.667e-02 6.667e-02 6.667e-02 6.667e-02 6.667e-02 6.667e-02 6.667e-02
6.667e-02 6.667e-02 6.667e-02 6.667e-02 6.667e-02 6.667e-02 6.667e-02 6.667e-02 6.667e-02 6.667e-02 6.667e-02 6.667e-02 6.667e-02 6.667e-02 6.667e-02 6.667e-02 6.667e-02 6.667e-02 6.667e-02 6.667e-02
6.667e-02 6.667e-02 6.667e-02 6.667e-02 6.667e-02 6.667e-02 6.667e-02 6.667e-02 6.667e-02 6.667e-02 6.667e-02 6.667e-02 6.667e-02 6.667e-02 6.667e-02 6.667e-02 6.667e-02 6.667e-02 6.667e-02 6.667e-02
6.667e-02 6.667e-02 6.667e-02 6.667e-02 6.667e-02 6.667e-02 6.667e-02 6.667e-02 6.667e-02 6.667e-02 6.667e-02 6.667e-02 6.667e-02 6.667e-02 6.667e-02 6.667e-02 6.667e-02 6.667e-02 6.667e-02 6.667e-02
6.667e-02 6.667e-02 6.667e-02 6.667e-02 6.667e-02 6.667e-02 6.667e-02 6.667e-02 6.667e-02 6.667e-02 6.667e-02 6.667e-02 6.667e-02 6.667e-02 6.667e-02 6.667e-02 6.667e-02 6.667e-02 6.667e-02 6.667e-02
0.000e+00 0.000e+00 0.000e+00 0.000e+00 0.000e+00 0.000e+00 0.000e+00 0.000e+00 0.000e+00 0.000e+00 0.000e+00 0.000e+00 0.000e+00 0.000e+00 0.000e+00 1.000e+00 0.000e+00 0.000e+00 0.000e+00 0.000e+00
0.000e+00 0.000e+00 0.000e+00 0.000e+00 0.000e+00 0.000e+00 0.000e+00 0.000e+00 0.000e+00 0.000e+00 0.000e+00 0.000e+00 0.000e+00 0.000e+00 0.000e+00 0.000e+00 1.000e+00 0.000e+00 0.000e+00 0.000e+00
0.000e+00 0.000e+00 0.000e+00 0.000e+00 0.000e+00 0.000e+00 0.000e+00 0.000e+00 0.000e+00 0.000e+00 0.000e+00 0.000e+00 0.000e+00 0.000e+00 0.000e+00 0.000e+00 0.000e+00 1.000e+00 0.000e+00 0.000e+00
0.000e+00 0.000e+00 0.000e+00 0.000e+00 0.000e+00 0.000e+00 0.000e+00 0.000e+00 0.000e+00 0.000e+00 0.000e+00 0.000e+00 0.000e+00 0.000e+00 0.000e+00 0.000e+00 0.000e+00 0.000e+00 1.000e+00 0.000e+00
0.000e+00 0.000e+00 0.000e+00 0.000e+00 0.000e+00 0.000e+00 0.000e+00 0.000e+00 0.000e+00 0.000e+00 0.000e+00 0.000e+00 0.000e+00 0.000e+00 0.000e+00 0.000e+00 0.000e+00 0.000e+00 0.000e+00 1.000e+00

9.723e-01 7.557e-03 5.038e-03 2.519e-03 7.557e-03 0.000e+00 0.000e+00 0.000e+00 5.038e-03 0.000e+00 0.000e+00 0.000e+00 0.000e+00 0.000e+00 0.000e+00 0.000e+00 0.000e+00 0.000e+00 0.000e+00 0.000e+00
6.667e-02 6.667e-02 6.667e-02 6.667e-02 6.667e-02 6.667e-02 6.667e-02 6.667e-02 6.667e-02 6.667e-02 6.667e-02 6.667e-02 6.667e-02 6.667e-02 6.667e-02 6.667e-02 6.667e-02 6.667e-02 6.667e-02 6.667e-02
6.667e-02 6.667e-02 6.667e-02 6.667e-02 6.667e-02 6.667e-02 6.667e-02 6.667e-02 6.667e-02 6.667e-02 6.667e-02 6.667e-02 6.667e-02 6.667e-02 6.667e-02 6.667e-02 6.667e-02 6.667e-02 6.667e-02 6.667e-02
6.667e-02 6.667e-02 6.667e-02 6.667e-02 6.667e-02 6.667e-02 6.667e-02 6.667e-02 6.667e-02 6.667e-02 6.667e-02 6.667e-02 6.667e-02 6.667e-02 6.667e-02 6.667e-02 6.667e-02 6.667e-02 6.667e-02 6.667e-02
1.000e+00 0.000e+00 0.000e+00 0.000e+00 0.000e+00 0.000e+00 0.000e+00 0.000e+00 0.000e+00 0.000e+00 0.000e+00 0.000e+00 0.000e+00 0.000e+00 0.000e+00 0.000e+00 0.000e+00 0.000e+00 0.000e+00 0.000e+00
6.667e-02 6.667e-02 6.667e-02 6.667e-02 6.667e-02 6.667e-02 6.667e-02 6.667e-02 6.667e-02 6.667e-02 6.667e-02 6.667e-02 6.667e-02 6.667e-02 6.667e-02 6.667e-02 6.667e-02 6.667e-02 6.667e-02 6.667e-02
6.667e-02 6.667e-02 6.667e-02 6.667e-02 6.667e-02 6.667e-02 6.667e-02 6.667e-02 6.667e-02 6.667e-02 6.667e-02 6.667e-02 6.667e-02 6.667e-02 6.667e-02 6.667e-02 6.667e-02 6.667e-02 6.667e-02 6.667e-02
6.667e-02 6.667e-02 6.667e-02 6.667e-02 6.667e-02 6.667e-02 6.667e-02 6.667e-02 6.667e-02 6.667e-02 6.667e-02 6.667e-02 6.667e-02 6.667e-02 6.667e-02 6.667e-02 6.667e-02 6.667e-02 6.667e-02 6.667e-02
8.000e-01 0.000e+00 0.000e+00 0.000e+00 0.000e+00 0.000e+00 0.000e+00 0.000e+00 2.000e-01 0.000e+00 0.000e+00 0.000e+00 0.000e+00 0.000e+00 0.000e+00 0.000e+00 0.000e+00 0.000e+00 0.000e+00 0.000e+00
6.667e-02 6.667e-02 6.667e-02 6.667e-02 6.667e-02 6.667e-02 6.667e-02 6.667e-02 6.667e-02 6.667e-02 6.667e-02 6.667e-02 6.667e-02 6.667e-02 6.667e-02 6.667e-02 6.667e-02 6.667e-02 6.667e-02 6.667e-02
6.667e-02 6.667e-02 6.667e-02 6.667e-02 6.667e-02 6.667e-02 6.667e-02 6.667e-02 6.667e-02 6.667e-02 6.667e-02 6.667e-02 6.667e-02 6.667e-02 6.667e-02 6.667e-02 6.667e-02 6.667e-02 6.667e-02 6.667e-02
1.000e+00 0.000e+00 0.000e+00 0.000e+00 0.000e+00 0.000e+00 0.000e+00 0.000e+00 0.000e+00 0.000e+00 0.000e+00 0.000e+00 0.000e+00 0.000e+00 0.000e+00 0.000e+00 0.000e+00 0.000e+00 0.000e+00 0.000e+00
6.667e-02 6.667e-02 6.667e-02 6.667e-02 6.667e-02 6.667e-02 6.667e-02 6.667e-02 6.667e-02 6.667e-02 6.667e-02 6.667e-02 6.667e-02 6.667e-02 6.667e-02 6.667e-02 6.667e-02 6.667e-02 6.667e-02 6.667e-02
6.667e-02 6.667e-02 6.667e-02 6.667e-02 6.667e-02 6.667e-02 6.667e-02 6.667e-02 6.667e-02 6.667e-02 6.667e-02 6.667e-02 6.667e-02 6.667e-02 6.667e-02 6.667e-02 6.667e-02 6.667e-02 6.667e-02 6.667e-02
6.667e-02 6.667e-02 6.667e-02 6.667e-02 6.667e-02 6.667e-02 6.667e-02 6.667e-02 6.667e-02 6.667e-02 6.667e-02 6.667e-02 6.667e-02 6.667e-02 6.667e-02 6.667e-02 6.667e-02 6.667e-02 6.667e-02 6.667e-02
0.000e+00 0.000e+00 0.000e+00 0.000e+00 0.000e+00 0.000e+00 0.000e+00 0.000e+00 0.000e+00 0.000e+00 0.000e+00 0.000e+00 0.000e+00 0.000e+00 0.000e+00 1.000e+00 0.000e+00 0.000e+00 0.000e+00 0.000e+00
0.000e+00 0.000e+00 0.000e+00 0.000e+00 0.000e+00 0.000e+00 0.000e+00 0.000e+00 0.000e+00 0.000e+00 0.000e+00 0.000e+00 0.000e+00 0.000e+00 0.000e+00 0.000e+00 1.000e+00 0.000e+00 0.000e+00 0.000e+00
0.000e+00 0.000e+00 0.000e+00 0.000e+00 0.000e+00 0.000e+00 0.000e+00 0.000e+00 0.000e+00 0.000e+00 0.000e+00 0.000e+00 0.000e+00 0.000e+00 0.000e+00 0.000e+00 0.000e+00 1.000e+00 0.000e+00 0.000e+00
0.000e+00 0.000e+00 0.000e+00 0.000e+00 0.000e+00 0.000e+00 0.000e+00 0.000e+00 0.000e+00 0.000e+00 0.000e+00 0.000e+00 0.000e+00 0.000e+00 0.000e+00 0.000e+00 0.000e+00 0.000e+00 1.000e+00 0.000e+00
0.000e+00 0.000e+00 0.000e+00 0.000e+00 0.000e+00 0.000e+00 0.000e+00 0.000e+00 0.000e+00 0.000e+00 0.000e+00 0.000e+00 0.000e+00 0.000e+00 0.000e+00 0.000e+00 0.000e+00 0.000e+00 0.000e+00 1.000e+00

9.873e-01 0.000e+00 0.000e+00 2.538e-03 2.538e-03 0.000e+00 0.000e+00 0.000e+00 7.614e-03 0.000e+00 0.000e+00 0.000e+00 0.000e+00 0.000e+00 0.000e+00 0.000e+00 0.000e+00 0.000e+00 0.000e+00 0.000e+00
6.667e-01 3.333e-01 0.000e+00 0.000e+00 0.000e+00 0.000e+00 0.000e+00 0.000e+00 0.000e+00 0.000e+00 0.000e+00 0.000e+00 0.000e+00 0.000e+00 0.000e+00 0.000e+00 0.000e+00 0.000e+00 0.000e+00 0.000e+00
1.000e+00 0.000e+00 0.000e+00 0.000e+00 0.000e+00 0.000e+00 0.000e+00 0.000e+00 0.000e+00 0.000e+00 0.000e+00 0.000e+00 0.000e+00 0.000e+00 0.000e+00 0.000e+00 0.000e+00 0.000e+00 0.000e+00 0.000e+00
1.000e+00 0.000e+00 0.000e+00 0.000e+00 0.000e+00 0.000e+00 0.000e+00 0.000e+00 0.000e+00 0.000e+00 0.000e+00 0.000e+00 0.000e+00 0.000e+00 0.000e+00 0.000e+00 0.000e+00 0.000e+00 0.000e+00 0.000e+00
1.000e+00 0.000e+00 0.000e+00 0.000e+00 0.000e+00 0.000e+00 0.000e+00 0.000e+00 0.000e+00 0.000e+00 0.000e+00 0.000e+00 0.000e+00 0.000e+00 0.000e+00 0.000e+00 0.000e+00 0.000e+00 0.000e+00 0.000e+00
6.667e-02 6.667e-02 6.667e-02 6.667e-02 6.667e-02 6.667e-02 6.667e-02 6.667e-02 6.667e-02 6.667e-02 6.667e-02 6.667e-02 6.667e-02 6.667e-02 6.667e-02 6.667e-02 6.667e-02 6.667e-02 6.667e-02 6.667e-02
6.667e-02 6.667e-02 6.667e-02 6.667e-02 6.667e-02 6.667e-02 6.667e-02 6.667e-02 6.667e-02 6.667e-02 6.667e-02 6.667e-02 6.667e-02 6.667e-02 6.667e-02 6.667e-02 6.667e-02 6.667e-02 6.667e-02 6.667e-02
6.667e-02 6.667e-02 6.667e-02 6.667e-02 6.667e-02 6.667e-02 6.667e-02 6.667e-02 6.667e-02 6.667e-02 6.667e-02 6.667e-02 6.667e-02 6.667e-02 6.667e-02 6.667e-02 6.667e-02 6.667e-02 6.667e-02 6.667e-02
6.667e-01 0.000e+00 0.000e+00 0.000e+00 0.000e+00 0.000e+00 0.000e+00 0.000e+00 3.333e-01 0.000e+00 0.000e+00 0.000e+00 0.000e+00 0.000e+00 0.000e+00 0.000e+00 0.000e+00 0.000e+00 0.000e+00 0.000e+00
6.667e-02 6.667e-02 6.667e-02 6.667e-02 6.667e-02 6.667e-02 6.667e-02 6.667e-02 6.667e-02 6.667e-02 6.667e-02 6.667e-02 6.667e-02 6.667e-02 6.667e-02 6.667e-02 6.667e-02 6.667e-02 6.667e-02 6.667e-02
6.667e-02 6.667e-02 6.667e-02 6.667e-02 6.667e-02 6.667e-02 6.667e-02 6.667e-02 6.667e-02 6.667e-02 6.667e-02 6.667e-02 6.667e-02 6.667e-02 6.667e-02 6.667e-02 6.667e-02 6.667e-02 6.667e-02 6.667e-02
6.667e-02 6.667e-02 6.667e-02 6.667e-02 6.667e-02 6.667e-02 6.667e-02 6.667e-02 6.667e-02 6.667e-02 6.667e-02 6.667e-02 6.667e-02 6.667e-02 6.667e-02 6.667e-02 6.667e-02 6.667e-02 6.667e-02 6.667e-02
6.667e-02 6.667e-02 6.667e-02 6.667e-02 6.667e-02 6.667e-02 6.667e-02 6.667e-02 6.667e-02 6.667e-02 6.667e-02 6.667e-02 6.667e-02 6.667e-02 6.667e-02 6.667e-02 6.667e-02 6.667e-02 6.667e-02 6.667e-02
6.667e-02 6.667e-02 6.667e-02 6.667e-02 6.667e-02 6.667e-02 6.667e-02 6.667e-02 6.667e-02 6.667e-02 6.667e-02 6.667e-02 6.667e-02 6.667e-02 6.667e-02 6.667e-02 6.667e-02 6.667e-02 6.667e-02 6.667e-02
6.667e-02 6.667e-02 6.667e-02 6.667e-02 6.667e-02 6.667e-02 6.667e-02 6.667e-02 6.667e-02 6.667e-02 6.667e-02 6.667e-02 6.667e-02 6.667e-02 6.667e-02 6.667e-02 6.667e-02 6.667e-02 6.667e-02 6.667e-02
0.000e+00 0.000e+00 0.000e+00 0.000e+00 0.000e+00 0.000e+00 0.000e+00 0.000e+00 0.000e+00 0.000e+00 0.000e+00 0.000e+00 0.000e+00 0.000e+00 0.000e+00 1.000e+00 0.000e+00 0.000e+00 0.000e+00 0.000e+00
0.000e+00 0.000e+00 0.000e+00 0.000e+00 0.000e+00 0.000e+00 0.000e+00 0.000e+00 0.000e+00 0.000e+00 0.000e+00 0.000e+00 0.000e+00 0.000e+00 0.000e+00 0.000e+00 1.000e+00 0.000e+00 0.000e+00 0.000e+00
0.000e+00 0.000e+00 0.000e+00 0.000e+00 0.000e+00 0.000e+00 0.000e+00 0.000e+00 0.000e+00 0.000e+00 0.000e+00 0.000e+00 0.000e+00 0.000e+00 0.000e+00 0.000e+00 0.000e+00 1.000e+00 0.000e+00 0.000e+00
0.000e+00 0.000e+00 0.000e+00 0.000e+00 0.000e+00 0.000e+00 0.000e+00 0.000e+00 0.000e+00 0.000e+00 0.000e+00 0.000e+00 0.000e+00 0.000e+00 0.000e+00 0.000e+00 0.000e+00 0.000e+00 1.000e+00 0.000e+00
0.000e+00 0.000e+00 0.000e+00 0.000e+00 0.000e+00 0.000e+00 0.000e+00 0.000e+00 0.000e+00 0.000e+00 0.000e+00 0.000e+00 0.000e+00 0.000e+00 0.000e+00 0.000e+00 0.000e+00 0.000e+00 0.000e+00 1.000e+00

9.900e-01 5.013e-03 0.000e+00 2.506e-03 0.000e+00 0.000e+00 0.000e+00 0.000e+00 2.506e-03 0.000e+00 0.000e+00 0.000e+00 0.000e+00 0.000e+00 0.000e+00 0.000e+00 0.000e+00 0.000e+00 0.000e+00 0.000e+00
1.000e+00 0.000e+00 0.000e+00 0.000e+00 0.000e+00 0.000e+00 0.000e+00 0.000e+00 0.000e+00 0.000e+00 0.000e+00 0.000e+00 0.000e+00 0.000e+00 0.000e+00 0.000e+00 0.000e+00 0.000e+00 0.000e+00 0.000e+00
6.667e-02 6.667e-02 6.667e-02 6.667e-02 6.667e-02 6.667e-02 6.667e-02 6.667e-02 6.667e-02 6.667e-02 6.667e-02 6.667e-02 6.667e-02 6.667e-02 6.667e-02 6.667e-02 6.667e-02 6.667e-02 6.667e-02 6.667e-02
1.000e+00 0.000e+00 0.000e+00 0.000e+00 0.000e+00 0.000e+00 0.000e+00 0.000e+00 0.000e+00 0.000e+00 0.000e+00 0.000e+00 0.000e+00 0.000e+00 0.000e+00 0.000e+00 0.000e+00 0.000e+00 0.000e+00 0.000e+00
0.000e+00 0.000e+00 0.000e+00 0.000e+00 1.000e+00 0.000e+00 0.000e+00 0.000e+00 0.000e+00 0.000e+00 0.000e+00 0.000e+00 0.000e+00 0.000e+00 0.000e+00 0.000e+00 0.000e+00 0.000e+00 0.000e+00 0.000e+00
6.667e-02 6.667e-02 6.667e-02 6.667e-02 6.667e-02 6.667e-02 6.667e-02 6.667e-02 6.667e-02 6.667e-02 6.667e-02 6.667e-02 6.667e-02 6.667e-02 6.667e-02 6.667e-02 6.667e-02 6.667e-02 6.667e-02 6.667e-02
6.667e-02 6.667e-02 6.667e-02 6.667e-02 6.667e-02 6.667e-02 6.667e-02 6.667e-02 6.667e-02 6.667e-02 6.667e-02 6.667e-02 6.667e-02 6.667e-02 6.667e-02 6.667e-02 6.667e-02 6.667e-02 6.667e-02 6.667e-02
6.667e-02 6.667e-02 6.667e-02 6.667e-02 6.667e-02 6.667e-02 6.667e-02 6.667e-02 6.667e-02 6.667e-02 6.667e-02 6.667e-02 6.667e-02 6.667e-02 6.667e-02 6.667e-02 6.667e-02 6.667e-02 6.667e-02 6.667e-02
2.500e-01 0.000e+00 0.000e+00 0.000e+00 0.000e+00 0.000e+00 0.000e+00 0.000e+00 7.500e-01 0.000e+00 0.000e+00 0.000e+00 0.000e+00 0.000e+00 0.000e+00 0.000e+00 0.000e+00 0.000e+00 0.000e+00 0.000e+00
6.667e-02 6.667e-02 6.667e-02 6.667e-02 6.667e-02 6.667e-02 6.667e-02 6.667e-02 6.667e-02 6.667e-02 6.667e-02 6.667e-02 6.667e-02 6.667e-02 6.667e-02 6.667e-02 6.667e-02 6.667e-02 6.667e-02 6.667e-02
6.667e-02 6.667e-02 6.667e-02 6.667e-02 6.667e-02 6.667e-02 6.667e-02 6.667e-02 6.667e-02 6.667e-02 6.667e-02 6.667e-02 6.667e-02 6.667e-02 6.667e-02 6.667e-02 6.667e-02 6.667e-02 6.667e-02 6.667e-02
6.667e-02 6.667e-02 6.667e-02 6.667e-02 6.667e-02 6.667e-02 6.667e-02 6.667e-02 6.667e-02 6.667e-02 6.667e-02 6.667e-02 6.667e-02 6.667e-02 6.667e-02 6.667e-02 6.667e-02 6.667e-02 6.667e-02 6.667e-02
6.667e-02 6.667e-02 6.667e-02 6.667e-02 6.667e-02 6.667e-02 6.667e-02 6.667e-02 6.667e-02 6.667e-02 6.667e-02 6.667e-02 6.667e-02 6.667e-02 6.667e-02 6.667e-02 6.667e-02 6.667e-02 6.667e-02 6.667e-02
6.667e-02 6.667e-02 6.667e-02 6.667e-02 6.667e-02 6.667e-02 6.667e-02 6.667e-02 6.667e-02 6.667e-02 6.667e-02 6.667e-02 6.667e-02 6.667e-02 6.667e-02 6.667e-02 6.667e-02 6.667e-02 6.667e-02 6.667e-02
6.667e-02 6.667e-02 6.667e-02 6.667e-02 6.667e-02 6.667e-02 6.667e-02 6.667e-02 6.667e-02 6.667e-02 6.667e-02 6.667e-02 6.667e-02 6.667e-02 6.667e-02 6.667e-02 6.667e-02 6.667e-02 6.667e-02 6.667e-02
0.000e+00 0.000e+00 0.000e+00 0.000e+00 0.000e+00 0.000e+00 0.000e+00 0.000e+00 0.000e+00 0.000e+00 0.000e+00 0.000e+00 0.000e+00 0.000e+00 0.000e+00 1.000e+00 0.000e+00 0.000e+00 0.000e+00 0.000e+00
0.000e+00 0.000e+00 0.000e+00 0.000e+00 0.000e+00 0.000e+00 0.000e+00 0.000e+00 0.000e+00 0.000e+00 0.000e+00 0.000e+00 0.000e+00 0.000e+00 0.000e+00 0.000e+00 1.000e+00 0.000e+00 0.000e+00 0.000e+00
0.000e+00 0.000e+00 0.000e+00 0.000e+00 0.000e+00 0.000e+00 0.000e+00 0.000e+00 0.000e+00 0.000e+00 0.000e+00 0.000e+00 0.000e+00 0.000e+00 0.000e+00 0.000e+00 0.000e+00 1.000e+00 0.000e+00 0.000e+00
0.000e+00 0.000e+00 0.000e+00 0.000e+00 0.000e+00 0.000e+00 0.000e+00 0.000e+00 0.000e+00 0.000e+00 0.000e+00 0.000e+00 0.000e+00 0.000e+00 0.000e+00 0.000e+00 0.000e+00 0.000e+00 1.000e+00 0.000e+00
0.000e+00 0.000e+00 0.000e+00 0.000e+00 0.000e+00 0.000e+00 0.000e+00 0.000e+00 0.000e+00 0.000e+00 0.000e+00 0.000e+00 0.000e+00 0.000e+00 0.000e+00 0.000e+00 0.000e+00 0.000e+00 0.000e+00 1.000e+00

9.975e-01 0.000e+00 0.000e+00 0.000e+00 2.513e-03 0.000e+00 0.000e+00 0.000e+00 0.000e+00 0.000e+00 0.000e+00 0.000e+00 0.000e+00 0.000e+00 0.000e+00 0.000e+00 0.000e+00 0.000e+00 0.000e+00 0.000e+00
1.000e+00 0.000e+00 0.000e+00 0.000e+00 0.000e+00 0.000e+00 0.000e+00 0.000e+00 0.000e+00 0.000e+00 0.000e+00 0.000e+00 0.000e+00 0.000e+00 0.000e+00 0.000e+00 0.000e+00 0.000e+00 0.000e+00 0.000e+00
6.667e-02 6.667e-02 6.667e-02 6.667e-02 6.667e-02 6.667e-02 6.667e-02 6.667e-02 6.667e-02 6.667e-02 6.667e-02 6.667e-02 6.667e-02 6.667e-02 6.667e-02 6.667e-02 6.667e-02 6.667e-02 6.667e-02 6.667e-02
1.000e+00 0.000e+00 0.000e+00 0.000e+00 0.000e+00 0.000e+00 0.000e+00 0.000e+00 0.000e+00 0.000e+00 0.000e+00 0.000e+00 0.000e+00 0.000e+00 0.000e+00 0.000e+00 0.000e+00 0.000e+00 0.000e+00 0.000e+00
0.000e+00 0.000e+00 0.000e+00 1.000e+00 0.000e+00 0.000e+00 0.000e+00 0.000e+00 0.000e+00 0.000e+00 0.000e+00 0.000e+00 0.000e+00 0.000e+00 0.000e+00 0.000e+00 0.000e+00 0.000e+00 0.000e+00 0.000e+00
6.667e-02 6.667e-02 6.667e-02 6.667e-02 6.667e-02 6.667e-02 6.667e-02 6.667e-02 6.667e-02 6.667e-02 6.667e-02 6.667e-02 6.667e-02 6.667e-02 6.667e-02 6.667e-02 6.667e-02 6.667e-02 6.667e-02 6.667e-02
6.667e-02 6.667e-02 6.667e-02 6.667e-02 6.667e-02 6.667e-02 6.667e-02 6.667e-02 6.667e-02 6.667e-02 6.667e-02 6.667e-02 6.667e-02 6.667e-02 6.667e-02 6.667e-02 6.667e-02 6.667e-02 6.667e-02 6.667e-02
6.667e-02 6.667e-02 6.667e-02 6.667e-02 6.667e-02 6.667e-02 6.667e-02 6.667e-02 6.667e-02 6.667e-02 6.667e-02 6.667e-02 6.667e-02 6.667e-02 6.667e-02 6.667e-02 6.667e-02 6.667e-02 6.667e-02 6.667e-02
1.000e+00 0.000e+00 0.000e+00 0.000e+00 0.000e+00 0.000e+00 0.000e+00 0.000e+00 0.000e+00 0.000e+00 0.000e+00 0.000e+00 0.000e+00 0.000e+00 0.000e+00 0.000e+00 0.000e+00 0.000e+00 0.000e+00 0.000e+00
6.667e-02 6.667e-02 6.667e-02 6.667e-02 6.667e-02 6.667e-02 6.667e-02 6.667e-02 6.667e-02 6.667e-02 6.667e-02 6.667e-02 6.667e-02 6.667e-02 6.667e-02 6.667e-02 6.667e-02 6.667e-02 6.667e-02 6.667e-02
6.667e-02 6.667e-02 6.667e-02 6.667e-02 6.667e-02 6.667e-02 6.667e-02 6.667e-02 6.667e-02 6.667e-02 6.667e-02 6.667e-02 6.667e-02 6.667e-02 6.667e-02 6.667e-02 6.667e-02 6.667e-02 6.667e-02 6.667e-02
6.667e-02 6.667e-02 6.667e-02 6.667e-02 6.667e-02 6.667e-02 6.667e-02 6.667e-02 6.667e-02 6.667e-02 6.667e-02 6.667e-02 6.667e-02 6.667e-02 6.667e-02 6.667e-02 6.667e-02 6.667e-02 6.667e-02 6.667e-02
6.667e-02 6.667e-02 6.667e-02 6.667e-02 6.667e-02 6.667e-02 6.667e-02 6.667e-02 6.667e-02 6.667e-02 6.667e-02 6.667e-02 6.667e-02 6.667e-02 6.667e-02 6.667e-02 6.667e-02 6.667e-02 6.667e-02 6.667e-02
6.667e-02 6.667e-02 6.667e-02 6.667e-02 6.667e-02 6.667e-02 6.667e-02 6.667e-02 6.667e-02 6.667e-02 6.667e-02 6.667e-02 6.667e-02 6.667e-02 6.667e-02 6.667e-02 6.667e-02 6.667e-02 6.667e-02 6.667e-02
6.667e-02 6.667e-02 6.667e-02 6.667e-02 6.667e-02 6.667e-02 6.667e-02 6.667e-02 6.667e-02 6.667e-02 6.667e-02 6.667e-02 6.667e-02 6.667e-02 6.667e-02 6.667e-02 6.667e-02 6.667e-02 6.667e-02 6.667e-02
0.000e+00 0.000e+00 0.000e+00 0.000e+00 0.000e+00 0.000e+00 0.000e+00 0.000e+00 0.000e+00 0.000e+00 0.000e+00 0.000e+00 0.000e+00 0.000e+00 0.000e+00 1.000e+00 0.000e+00 0.000e+00 0.000e+00 0.000e+00
0.000e+00 0.000e+00 0.000e+00 0.000e+00 0.000e+00 0.000e+00 0.000e+00 0.000e+00 0.000e+00 0.000e+00 0.000e+00 0.000e+00 0.000e+00 0.000e+00 0.000e+00 0.000e+00 1.000e+00 0.000e+00 0.000e+00 0.000e+00
0.000e+00 0.000e+00 0.000e+00 0.000e+00 0.000e+00 0.000e+00 0.000e+00 0.000e+00 0.000e+00 0.000e+00 0.000e+00 0.000e+00 0.000e+00 0.000e+00 0.000e+00 0.000e+00 0.000e+00 1.000e+00 0.000e+00 0.000e+00
0.000e+00 0.000e+00 0.000e+00 0.000e+00 0.000e+00 0.000e+00 0.000e+00 0.000e+00 0.000e+00 0.000e+00 0.000e+00 0.000e+00 0.000e+00 0.000e+00 0.000e+00 0.000e+00 0.000e+00 0.000e+00 1.000e+00 0.000e+00
0.000e+00 0.000e+00 0.000e+00 0.000e+00 0.000e+00 0.000e+00 0.000e+00 0.000e+00 0.000e+00 0.000e+00 0.000e+00 0.000e+00 0.000e+00 0.000e+00 0.000e+00 0.000e+00 0.000e+00 0.000e+00 0.000e+00 1.000e+00

