9.691e-01 7.732e-03 5.155e-03 1.289e-02 0.000e+00 0.000e+00 5.155e-03 0.000e+00 0.000e+00 0.000e+00 0.000e+00 0.000e+00 0.000e+00 0.000e+00 0.000e+00 0.000e+00 0.000e+00 0.000e+00 0.000e+00 0.000e+00
1.000e+00 0.000e+00 0.000e+00 0.000e+00 0.000e+00 0.000e+00 0.000e+00 0.000e+00 0.000e+00 0.000e+00 0.000e+00 0.000e+00 0.000e+00 0.000e+00 0.000e+00 0.000e+00 0.000e+00 0.000e+00 0.000e+00 0.000e+00
1.000e+00 0.000e+00 0.000e+00 0.000e+00 0.000e+00 0.000e+00 0.000e+00 0.000e+00 0.000e+00 0.000e+00 0.000e+00 0.000e+00 0.000e+00 0.000e+00 0.000e+00 0.000e+00 0.000e+00 0.000e+00 0.000e+00 0.000e+00
0.000e+00 0.000e+00 0.000e+00 1.000e+00 0.000e+00 0.000e+00 0.000e+00 0.000e+00 0.000e+00 0.000e+00 0.000e+00 0.000e+00 0.000e+00 0.000e+00 0.000e+00 0.000e+00 0.000e+00 0.000e+00 0.000e+00 0.000e+00
0.000e+00 0.000e+00 0.000e+00 0.000e+00 1.000e+00 0.000e+00 0.000e+00 0.000e+00 0.000e+00 0.000e+00 0.000e+00 0.000e+00 0.000e+00 0.000e+00 0.000e+00 0.000e+00 0.000e+00 0.000e+00 0.000e+00 0.000e+00
1.000e+00 0.000e+00 0.000e+00 0.000e+00 0.000e+00 0.000e+00 0.000e+00 0.000e+00 0.000e+00 0.000e+00 0.000e+00 0.000e+00 0.000e+00 0.000e+00 0.000e+00 0.000e+00 0.000e+00 0.000e+00 0.000e+00 0.000e+00
1.000e+00 0.000e+00 0.000e+00 0.000e+00 0.000e+00 0.000e+00 0.000e+00 0.000e+00 0.000e+00 0.000e+00 0.000e+00 0.000e+00 0.000e+00 0.000e+00 0.000e+00 0.000e+00 0.000e+00 0.000e+00 0.000e+00 0.000e+00
1.000e+00 0.000e+00 0.000e+00 0.000e+00 0.000e+00 0.000e+00 0.000e+00 0.000e+00 0.000e+00 0.000e+00 0.000e+00 0.000e+00 0.000e+00 0.000e+00 0.000e+00 0.000e+00 0.000e+00 0.000e+00 0.000e+00 0.000e+00
1.000e+00 0.000e+00 0.000e+00 0.000e+00 0.000e+00 0.000e+00 0.000e+00 0.000e+00 0.000e+00 0.000e+00 0.000e+00 0.000e+00 0.000e+00 0.000e+00 0.000e+00 0.000e+00 0.000e+00 0.000e+00 0.000e+00 0.000e+00
1.000e+00 0.000e+00 0.000e+00 0.000e+00 0.000e+00 0.000e+00 0.000e+00 0.000e+00 0.000e+00 0.000e+00 0.000e+00 0.000e+00 0.000e+00 0.000e+00 0.000e+00 0.000e+00 0.000e+00 0.000e+00 0.000e+00 0.000e+00
1.000e+00 0.000e+00 0.000e+00 0.000e+00 0.000e+00 0.000e+00 0.000e+00 0.000e+00 0.000e+00 0.000e+00 0.000e+00 0.000e+00 0.000e+00 0.000e+00 0.000e+00 0.000e+00 0.000e+00 0.000e+00 0.000e+00 0.000e+00
0.000e+00 0.000e+00 0.000e+00 0.000e+00 0.000e+00 0.000e+00 0.000e+00 0.000e+00 0.000e+00 0.000e+00 0.000e+00 1.000e+00 0.000e+00 0.000e+00 0.000e+00 0.000e+00 0.000e+00 0.000e+00 0.000e+00 0.000e+00
1.000e+00 0.000e+00 0.000e+00 0.000e+00 0.000e+00 0.000e+00 0.000e+00 0.000e+00 0.000e+00 0.000e+00 0.000e+00 0.000e+00 0.000e+00 0.000e+00 0.000e+00 0.000e+00 0.000e+00 0.000e+00 0.000e+00 0.000e+00
6.667e-02 6.667e-02 6.667e-02 6.667e-02 6.667e-02 6.667e-02 6.667e-02 6.667e-02 6.667e-02 6.667e-02 6.667e-02 6.667e-02 6.667e-02 6.667e-02 6.667e-02 6.667e-02 6.667e-02 6.667e-02 6.667e-02 6.667e-02
6.667e-02 6.667e-02 6.667e-02 6.667e-02 6.667e-02 6.667e-02 6.667e-02 6.667e-02 6.667e-02 6.667e-02 6.667e-02 6.667e-02 6.667e-02 6.667e-02 6.667e-02 6.667e-02 6.667e-02 6.667e-02 6.667e-02 6.667e-02
0.000e+00 0.000e+00 0.000e+00 0.000e+00 0.000e+00 0.000e+00 0.000e+00 0.000e+00 0.000e+00 0.000e+00 0.000e+00 0.000e+00 0.000e+00 0.000e+00 0.000e+00 1.000e+00 0.000e+00 0.000e+00 0.000e+00 0.000e+00
0.000e+00 0.000e+00 0.000e+00 0.000e+00 0.000e+00 0.000e+00 0.000e+00 0.000e+00 0.000e+00 0.000e+00 0.000e+00 0.000e+00 0.000e+00 0.000e+00 0.000e+00 0.000e+00 1.000e+00 0.000e+00 0.000e+00 0.000e+00
0.000e+00 0.000e+00 0.000e+00 0.000e+00 0.000e+00 0.000e+00 0.000e+00 0.000e+00 0.000e+00 0.000e+00 0.000e+00 0.000e+00 0.000e+00 0.000e+00 0.000e+00 0.000e+00 0.000e+00 1.000e+00 0.000e+00 0.000e+00
0.000e+00 0.000e+00 0.000e+00 0.000e+00 0.000e+00 0.000e+00 0.000e+00 0.000e+00 0.000e+00 0.000e+00 0.000e+00 0.000e+00 0.000e+00 0.000e+00 0.000e+00 0.000e+00 0.000e+00 0.000e+00 1.000e+00 0.000e+00
0.000e+00 0.000e+00 0.000e+00 0.000e+00 0.000e+00 0.000e+00 0.000e+00 0.000e+00 0.000e+00 0.000e+00 0.000e+00 0.000e+00 0.000e+00 0.000e+00 0.000e+00 0.000e+00 0.000e+00 0.000e+00 0.000e+00 1.000e+00

9.589e-01 2.571e-03 1.028e-02 1.285e-02 2.571e-03 2.571e-03 2.571e-03 0.000e+00 5.141e-03 0.000e+00 0.000e+00 0.000e+00 0.000e+00 0.000e+00 0.000e+00 0.000e+00 0.000e+00 2.571e-03 0.000e+00 0.000e+00
6.667e-01 0.000e+00 0.000e+00 0.000e+00 0.000e+00 0.000e+00 0.000e+00 3.333e-01 0.000e+00 0.000e+00 0.000e+00 0.000e+00 0.000e+00 0.000e+00 0.000e+00 0.000e+00 0.000e+00 0.000e+00 0.000e+00 0.000e+00
5.000e-01 5.000e-01 0.000e+00 0.000e+00 0.000e+00 0.000e+00 0.000e+00 0.000e+00 0.000e+00 0.000e+00 0.000e+00 0.000e+00 0.000e+00 0.000e+00 0.000e+00 0.000e+00 0.000e+00 0.000e+00 0.000e+00 0.000e+00
5.714e-01 1.429e-01 0.000e+00 2.857e-01 0.000e+00 0.000e+00 0.000e+00 0.000e+00 0.000e+00 0.000e+00 0.000e+00 0.000e+00 0.000e+00 0.000e+00 0.000e+00 0.000e+00 0.000e+00 0.000e+00 0.000e+00 0.000e+00
1.000e+00 0.000e+00 0.000e+00 0.000e+00 0.000e+00 0.000e+00 0.000e+00 0.000e+00 0.000e+00 0.000e+00 0.000e+00 0.000e+00 0.000e+00 0.000e+00 0.000e+00 0.000e+00 0.000e+00 0.000e+00 0.000e+00 0.000e+00
6.667e-02 6.667e-02 6.667e-02 6.667e-02 6.667e-02 6.667e-02 6.667e-02 6.667e-02 6.667e-02 6.667e-02 6.667e-02 6.667e-02 6.667e-02 6.667e-02 6.667e-02 6.667e-02 6.667e-02 6.667e-02 6.667e-02 6.667e-02
1.000e+00 0.000e+00 0.000e+00 0.000e+00 0.000e+00 0.000e+00 0.000e+00 0.000e+00 0.000e+00 0.000e+00 0.000e+00 0.000e+00 0.000e+00 0.000e+00 0.000e+00 0.000e+00 0.000e+00 0.000e+00 0.000e+00 0.000e+00
6.667e-02 6.667e-02 6.667e-02 6.667e-02 6.667e-02 6.667e-02 6.667e-02 6.667e-02 6.667e-02 6.667e-02 6.667e-02 6.667e-02 6.667e-02 6.667e-02 6.667e-02 6.667e-02 6.667e-02 6.667e-02 6.667e-02 6.667e-02
6.667e-02 6.667e-02 6.667e-02 6.667e-02 6.667e-02 6.667e-02 6.667e-02 6.667e-02 6.667e-02 6.667e-02 6.667e-02 6.667e-02 6.667e-02 6.667e-02 6.667e-02 6.667e-02 6.667e-02 6.667e-02 6.667e-02 6.667e-02
6.667e-02 6.667e-02 6.667e-02 6.667e-02 6.667e-02 6.667e-02 6.667e-02 6.667e-02 6.667e-02 6.667e-02 6.667e-02 6.667e-02 6.667e-02 6.667e-02 6.667e-02 6.667e-02 6.667e-02 6.667e-02 6.667e-02 6.667e-02
6.667e-02 6.667e-02 6.667e-02 6.667e-02 6.667e-02 6.667e-02 6.667e-02 6.667e-02 6.667e-02 6.667e-02 6.667e-02 6.667e-02 6.667e-02 6.667e-02 6.667e-02 6.667e-02 6.667e-02 6.667e-02 6.667e-02 6.667e-02
0.000e+00 0.000e+00 0.000e+00 0.000e+00 0.000e+00 0.000e+00 0.000e+00 0.000e+00 0.000e+00 0.000e+00 0.000e+00 1.000e+00 0.000e+00 0.000e+00 0.000e+00 0.000e+00 0.000e+00 0.000e+00 0.000e+00 0.000e+00
6.667e-02 6.667e-02 6.667e-02 6.667e-02 6.667e-02 6.667e-02 6.667e-02 6.667e-02 6.667e-02 6.667e-02 6.667e-02 6.667e-02 6.667e-02 6.667e-02 6.667e-02 6.667e-02 6.667e-02 6.667e-02 6.667e-02 6.667e-02
6.667e-02 6.667e-02 6.667e-02 6.667e-02 6.667e-02 6.667e-02 6.667e-02 6.667e-02 6.667e-02 6.667e-02 6.667e-02 6.667e-02 6.667e-02 6.667e-02 6.667e-02 6.667e-02 6.667e-02 6.667e-02 6.667e-02 6.667e-02
6.667e-02 6.667e-02 6.667e-02 6.667e-02 6.667e-02 6.667e-02 6.667e-02 6.667e-02 6.667e-02 6.667e-02 6.667e-02 6.667e-02 6.667e-02 6.667e-02 6.667e-02 6.667e-02 6.667e-02 6.667e-02 6.667e-02 6.667e-02
0.000e+00 0.000e+00 0.000e+00 0.000e+00 0.000e+00 0.000e+00 0.000e+00 0.000e+00 0.000e+00 0.000e+00 0.000e+00 0.000e+00 0.000e+00 0.000e+00 0.000e+00 1.000e+00 0.000e+00 0.000e+00 0.000e+00 0.000e+00
0.000e+00 0.000e+00 0.000e+00 0.000e+00 0.000e+00 0.000e+00 0.000e+00 0.000e+00 0.000e+00 0.000e+00 0.000e+00 0.000e+00 0.000e+00 0.000e+00 0.000e+00 0.000e+00 1.000e+00 0.000e+00 0.000e+00 0.000e+00
0.000e+00 0.000e+00 0.000e+00 0.000e+00 0.000e+00 0.000e+00 0.000e+00 0.000e+00 0.000e+00 0.000e+00 0.000e+00 0.000e+00 0.000e+00 0.000e+00 0.000e+00 0.000e+00 0.000e+00 1.000e+00 0.000e+00 0.000e+00
0.000e+00 0.000e+00 0.000e+00 0.000e+00 0.000e+00 0.000e+00 0.000e+00 0.000e+00 0.000e+00 0.000e+00 0.000e+00 0.000e+00 0.000e+00 0.000e+00 0.000e+00 0.000e+00 0.000e+00 0.000e+00 1.000e+00 0.000e+00
0.000e+00 0.000e+00 0.000e+00 0.000e+00 0.000e+00 0.000e+00 0.000e+00 0.000e+00 0.000e+00 0.000e+00 0.000e+00 0.000e+00 0.000e+00 0.000e+00 0.000e+00 0.000e+00 0.000e+00 0.000e+00 0.000e+00 1.000e+00

9.714e-01 0.000e+00 5.208e-03 2.604e-03 2.604e-03 0.000e+00 0.000e+00 0.000e+00 5.208e-03 5.208e-03 0.000e+00 0.000e+00 0.000e+00 7.812e-03 0.000e+00 0.000e+00 0.000e+00 0.000e+00 0.000e+00 0.000e+00
1.000e+00 0.000e+00 0.000e+00 0.000e+00 0.000e+00 0.000e+00 0.000e+00 0.000e+00 0.000e+00 0.000e+00 0.000e+00 0.000e+00 0.000e+00 0.000e+00 0.000e+00 0.000e+00 0.000e+00 0.000e+00 0.000e+00 0.000e+00
1.000e+00 0.000e+00 0.000e+00 0.000e+00 0.000e+00 0.000e+00 0.000e+00 0.000e+00 0.000e+00 0.000e+00 0.000e+00 0.000e+00 0.000e+00 0.000e+00 0.000e+00 0.000e+00 0.000e+00 0.000e+00 0.000e+00 0.000e+00
5.714e-01 0.000e+00 0.000e+00 2.857e-01 0.000e+00 0.000e+00 0.000e+00 0.000e+00 0.000e+00 0.000e+00 0.000e+00 0.000e+00 1.429e-01 0.000e+00 0.000e+00 0.000e+00 0.000e+00 0.000e+00 0.000e+00 0.000e+00
0.000e+00 0.000e+00 0.000e+00 0.000e+00 1.000e+00 0.000e+00 0.000e+00 0.000e+00 0.000e+00 0.000e+00 0.000e+00 0.000e+00 0.000e+00 0.000e+00 0.000e+00 0.000e+00 0.000e+00 0.000e+00 0.000e+00 0.000e+00
1.000e+00 0.000e+00 0.000e+00 0.000e+00 0.000e+00 0.000e+00 0.000e+00 0.000e+00 0.000e+00 0.000e+00 0.000e+00 0.000e+00 0.000e+00 0.000e+00 0.000e+00 0.000e+00 0.000e+00 0.000e+00 0.000e+00 0.000e+00
1.000e+00 0.000e+00 0.000e+00 0.000e+00 0.000e+00 0.000e+00 0.000e+00 0.000e+00 0.000e+00 0.000e+00 0.000e+00 0.000e+00 0.000e+00 0.000e+00 0.000e+00 0.000e+00 0.000e+00 0.000e+00 0.000e+00 0.000e+00
1.000e+00 0.000e+00 0.000e+00 0.000e+00 0.000e+00 0.000e+00 0.000e+00 0.000e+00 0.000e+00 0.000e+00 0.000e+00 0.000e+00 0.000e+00 0.000e+00 0.000e+00 0.000e+00 0.000e+00 0.000e+00 0.000e+00 0.000e+00
1.000e+00 0.000e+00 0.000e+00 0.000e+00 0.000e+00 0.000e+00 0.000e+00 0.000e+00 0.000e+00 0.000e+00 0.000e+00 0.000e+00 0.000e+00 0.000e+00 0.000e+00 0.000e+00 0.000e+00 0.000e+00 0.000e+00 0.000e+00
6.667e-02 6.667e-02 6.667e-02 6.667e-02 6.667e-02 6.667e-02 6.667e-02 6.667e-02 6.667e-02 6.667e-02 6.667e-02 6.667e-02 6.667e-02 6.667e-02 6.667e-02 6.667e-02 6.667e-02 6.667e-02 6.667e-02 6.667e-02
6.667e-02 6.667e-02 6.667e-02 6.667e-02 6.667e-02 6.667e-02 6.667e-02 6.667e-02 6.667e-02 6.667e-02 6.667e-02 6.667e-02 6.667e-02 6.667e-02 6.667e-02 6.667e-02 6.667e-02 6.667e-02 6.667e-02 6.667e-02
1.000e+00 0.000e+00 0.000e+00 0.000e+00 0.000e+00 0.000e+00 0.000e+00 0.000e+00 0.000e+00 0.000e+00 0.000e+00 0.000e+00 0.000e+00 0.000e+00 0.000e+00 0.000e+00 0.000e+00 0.000e+00 0.000e+00 0.000e+00
6.667e-02 6.667e-02 6.667e-02 6.667e-02 6.667e-02 6.667e-02 6.667e-02 6.667e-02 6.667e-02 6.667e-02 6.667e-02 6.667e-02 6.667e-02 6.667e-02 6.667e-02 6.667e-02 6.667e-02 6.667e-02 6.667e-02 6.667e-02
6.667e-02 6.667e-02 6.667e-02 6.667e-02 6.667e-02 6.667e-02 6.667e-02 6.667e-02 6.667e-02 6.667e-02 6.667e-02 6.667e-02 6.667e-02 6.667e-02 6.667e-02 6.667e-02 6.667e-02 6.667e-02 6.667e-02 6.667e-02
6.667e-02 6.667e-02 6.667e-02 6.667e-02 6.667e-02 6.667e-02 6.667e-02 6.667e-02 6.667e-02 6.667e-02 6.667e-02 6.667e-02 6.667e-02 6.667e-02 6.667e-02 6.667e-02 6.667e-02 6.667e-02 6.667e-02 6.667e-02
0.000e+00 0.000e+00 0.000e+00 0.000e+00 0.000e+00 0.000e+00 0.000e+00 0.000e+00 0.000e+00 0.000e+00 0.000e+00 0.000e+00 0.000e+00 0.000e+00 0.000e+00 1.000e+00 0.000e+00 0.000e+00 0.000e+00 0.000e+00
0.000e+00 0.000e+00 0.000e+00 0.000e+00 0.000e+00 0.000e+00 0.000e+00 0.000e+00 0.000e+00 0.000e+00 0.000e+00 0.000e+00 0.000e+00 0.000e+00 0.000e+00 0.000e+00 1.000e+00 0.000e+00 0.000e+00 0.000e+00
1.000e+00 0.000e+00 0.000e+00 0.000e+00 0.000e+00 0.000e+00 0.000e+00 0.000e+00 0.000e+00 0.000e+00 0.000e+00 0.000e+00 0.000e+00 0.000e+00 0.000e+00 0.000e+00 0.000e+00 0.000e+00 0.000e+00 0.000e+00
0.000e+00 0.000e+00 0.000e+00 0.000e+00 0.000e+00 0.000e+00 0.000e+00 0.000e+00 0.000e+00 0.000e+00 0.000e+00 0.000e+00 0.000e+00 0.000e+00 0.000e+00 0.000e+00 0.000e+00 0.000e+00 1.000e+00 0.000e+00
0.000e+00 0.000e+00 0.000e+00 0.000e+00 0.000e+00 0.000e+00 0.000e+00 0.000e+00 0.000e+00 0.000e+00 0.000e+00 0.000e+00 0.000e+00 0.000e+00 0.000e+00 0.000e+00 0.000e+00 0.000e+00 0.000e+00 1.000e+00

9.616e-01 0.000e+00 1.023e-02 1.279e-02 0.000e+00 0.000e+00 2.558e-03 0.000e+00 5.115e-03 5.115e-03 0.000e+00 0.000e+00 0.000e+00 0.000e+00 0.000e+00 0.000e+00 0.000e+00 2.558e-03 0.000e+00 0.000e+00
6.667e-02 6.667e-02 6.667e-02 6.667e-02 6.667e-02 6.667e-02 6.667e-02 6.667e-02 6.667e-02 6.667e-02 6.667e-02 6.667e-02 6.667e-02 6.667e-02 6.667e-02 6.667e-02 6.667e-02 6.667e-02 6.667e-02 6.667e-02
1.000e+00 0.000e+00 0.000e+00 0.000e+00 0.000e+00 0.000e+00 0.000e+00 0.000e+00 0.000e+00 0.000e+00 0.000e+00 0.000e+00 0.000e+00 0.000e+00 0.000e+00 0.000e+00 0.000e+00 0.000e+00 0.000e+00 0.000e+00
3.333e-01 0.000e+00 0.000e+00 6.667e-01 0.000e+00 0.000e+00 0.000e+00 0.000e+00 0.000e+00 0.000e+00 0.000e+00 0.000e+00 0.000e+00 0.000e+00 0.000e+00 0.000e+00 0.000e+00 0.000e+00 0.000e+00 0.000e+00
1.000e+00 0.000e+00 0.000e+00 0.000e+00 0.000e+00 0.000e+00 0.000e+00 0.000e+00 0.000e+00 0.000e+00 0.000e+00 0.000e+00 0.000e+00 0.000e+00 0.000e+00 0.000e+00 0.000e+00 0.000e+00 0.000e+00 0.000e+00
6.667e-02 6.667e-02 6.667e-02 6.667e-02 6.667e-02 6.667e-02 6.667e-02 6.667e-02 6.667e-02 6.667e-02 6.667e-02 6.667e-02 6.667e-02 6.667e-02 6.667e-02 6.667e-02 6.667e-02 6.667e-02 6.667e-02 6.667e-02
6.667e-02 6.667e-02 6.667e-02 6.667e-02 6.667e-02 6.667e-02 6.667e-02 6.667e-02 6.667e-02 6.667e-02 6.667e-02 6.667e-02 6.667e-02 6.667e-02 6.667e-02 6.667e-02 6.667e-02 6.667e-02 6.667e-02 6.667e-02
6.667e-02 6.667e-02 6.667e-02 6.667e-02 6.667e-02 6.667e-02 6.667e-02 6.667e-02 6.667e-02 6.667e-02 6.667e-02 6.667e-02 6.667e-02 6.667e-02 6.667e-02 6.667e-02 6.667e-02 6.667e-02 6.667e-02 6.667e-02
1.000e+00 0.000e+00 0.000e+00 0.000e+00 0.000e+00 0.000e+00 0.000e+00 0.000e+00 0.000e+00 0.000e+00 0.000e+00 0.000e+00 0.000e+00 0.000e+00 0.000e+00 0.000e+00 0.000e+00 0.000e+00 0.000e+00 0.000e+00
1.000e+00 0.000e+00 0.000e+00 0.000e+00 0.000e+00 0.000e+00 0.000e+00 0.000e+00 0.000e+00 0.000e+00 0.000e+00 0.000e+00 0.000e+00 0.000e+00 0.000e+00 0.000e+00 0.000e+00 0.000e+00 0.000e+00 0.000e+00
6.667e-02 6.667e-02 6.667e-02 6.667e-02 6.667e-02 6.667e-02 6.667e-02 6.667e-02 6.667e-02 6.667e-02 6.667e-02 6.667e-02 6.667e-02 6.667e-02 6.667e-02 6.667e-02 6.667e-02 6.667e-02 6.667e-02 6.667e-02
6.667e-02 6.667e-02 6.667e-02 6.667e-02 6.667e-02 6.667e-02 6.667e-02 6.667e-02 6.667e-02 6.667e-02 6.667e-02 6.667e-02 6.667e-02 6.667e-02 6.667e-02 6.667e-02 6.667e-02 6.667e-02 6.667e-02 6.667e-02
1.000e+00 0.000e+00 0.000e+00 0.000e+00 0.000e+00 0.000e+00 0.000e+00 0.000e+00 0.000e+00 0.000e+00 0.000e+00 0.000e+00 0.000e+00 0.000e+00 0.000e+00 0.000e+00 0.000e+00 0.000e+00 0.000e+00 0.000e+00
1.000e+00 0.000e+00 0.000e+00 0.000e+00 0.000e+00 0.000e+00 0.000e+00 0.000e+00 0.000e+00 0.000e+00 0.000e+00 0.000e+00 0.000e+00 0.000e+00 0.000e+00 0.000e+00 0.000e+00 0.000e+00 0.000e+00 0.000e+00
6.667e-02 6.667e-02 6.667e-02 6.667e-02 6.667e-02 6.667e-02 6.667e-02 6.667e-02 6.667e-02 6.667e-02 6.667e-02 6.667e-02 6.667e-02 6.667e-02 6.667e-02 6.667e-02 6.667e-02 6.667e-02 6.667e-02 6.667e-02
0.000e+00 0.000e+00 0.000e+00 0.000e+00 0.000e+00 0.000e+00 0.000e+00 0.000e+00 0.000e+00 0.000e+00 0.000e+00 0.000e+00 0.000e+00 0.000e+00 0.000e+00 1.000e+00 0.000e+00 0.000e+00 0.000e+00 0.000e+00
0.000e+00 0.000e+00 0.000e+00 0.000e+00 0.000e+00 0.000e+00 0.000e+00 0.000e+00 0.000e+00 0.000e+00 0.000e+00 0.000e+00 0.000e+00 0.000e+00 0.000e+00 0.000e+00 1.000e+00 0.000e+00 0.000e+00 0.000e+00
0.000e+00 0.000e+00 0.000e+00 0.000e+00 0.000e+00 0.000e+00 0.000e+00 0.000e+00 0.000e+00 0.000e+00 0.000e+00 0.000e+00 0.000e+00 0.000e+00 0.000e+00 0.000e+00 0.000e+00 1.000e+00 0.000e+00 0.000e+00
0.000e+00 0.000e+00 0.000e+00 0.000e+00 0.000e+00 0.000e+00 0.000e+00 0.000e+00 0.000e+00 0.000e+00 0.000e+00 0.000e+00 0.000e+00 0.000e+00 0.000e+00 0.000e+00 0.000e+00 0.000e+00 1.000e+00 0.000e+00
0.000e+00 0.000e+00 0.000e+00 0.000e+00 0.000e+00 0.000e+00 0.000e+00 0.000e+00 0.000e+00 0.000e+00 0.000e+00 0.000e+00 0.000e+00 0.000e+00 0.000e+00 0.000e+00 0.000e+00 0.000e+00 0.000e+00 1.000e+00

9.820e-01 2.571e-03 2.571e-03 5.141e-03 2.571e-03 0.000e+00 0.000e+00 0.000e+00 5.141e-03 0.000e+00 0.000e+00 0.000e+00 0.000e+00 0.000e+00 0.000e+00 0.000e+00 0.000e+00 0.000e+00 0.000e+00 0.000e+00
6.667e-02 6.667e-02 6.667e-02 6.667e-02 6.667e-02 6.667e-02 6.667e-02 6.667e-02 6.667e-02 6.667e-02 6.667e-02 6.667e-02 6.667e-02 6.667e-02 6.667e-02 6.667e-02 6.667e-02 6.667e-02 6.667e-02 6.667e-02
1.000e+00 0.000e+00 0.000e+00 0.000e+00 0.000e+00 0.000e+00 0.000e+00 0.000e+00 0.000e+00 0.000e+00 0.000e+00 0.000e+00 0.000e+00 0.000e+00 0.000e+00 0.000e+00 0.000e+00 0.000e+00 0.000e+00 0.000e+00
7.143e-01 0.000e+00 0.000e+00 2.857e-01 0.000e+00 0.000e+00 0.000e+00 0.000e+00 0.000e+00 0.000e+00 0.000e+00 0.000e+00 0.000e+00 0.000e+00 0.000e+00 0.000e+00 0.000e+00 0.000e+00 0.000e+00 0.000e+00
6.667e-02 6.667e-02 6.667e-02 6.667e-02 6.667e-02 6.667e-02 6.667e-02 6.667e-02 6.667e-02 6.667e-02 6.667e-02 6.667e-02 6.667e-02 6.667e-02 6.667e-02 6.667e-02 6.667e-02 6.667e-02 6.667e-02 6.667e-02
6.667e-02 6.667e-02 6.667e-02 6.667e-02 6.667e-02 6.667e-02 6.667e-02 6.667e-02 6.667e-02 6.667e-02 6.667e-02 6.667e-02 6.667e-02 6.667e-02 6.667e-02 6.667e-02 6.667e-02 6.667e-02 6.667e-02 6.667e-02
1.000e+00 0.000e+00 0.000e+00 0.000e+00 0.000e+00 0.000e+00 0.000e+00 0.000e+00 0.000e+00 0.000e+00 0.000e+00 0.000e+00 0.000e+00 0.000e+00 0.000e+00 0.000e+00 0.000e+00 0.000e+00 0.000e+00 0.000e+00
6.667e-02 6.667e-02 6.667e-02 6.667e-02 6.667e-02 6.667e-02 6.667e-02 6.667e-02 6.667e-02 6.667e-02 6.667e-02 6.667e-02 6.667e-02 6.667e-02 6.667e-02 6.667e-02 6.667e-02 6.667e-02 6.667e-02 6.667e-02
1.000e+00 0.000e+00 0.000e+00 0.000e+00 0.000e+00 0.000e+00 0.000e+00 0.000e+00 0.000e+00 0.000e+00 0.000e+00 0.000e+00 0.000e+00 0.000e+00 0.000e+00 0.000e+00 0.000e+00 0.000e+00 0.000e+00 0.000e+00
1.000e+00 0.000e+00 0.000e+00 0.000e+00 0.000e+00 0.000e+00 0.000e+00 0.000e+00 0.000e+00 0.000e+00 0.000e+00 0.000e+00 0.000e+00 0.000e+00 0.000e+00 0.000e+00 0.000e+00 0.000e+00 0.000e+00 0.000e+00
6.667e-02 6.667e-02 6.667e-02 6.667e-02 6.667e-02 6.667e-02 6.667e-02 6.667e-02 6.667e-02 6.667e-02 6.667e-02 6.667e-02 6.667e-02 6.667e-02 6.667e-02 6.667e-02 6.667e-02 6.667e-02 6.667e-02 6.667e-02
6.667e-02 6.667e-02 6.667e-02 6.667e-02 6.667e-02 6.667e-02 6.667e-02 6.667e-02 6.667e-02 6.667e-02 6.667e-02 6.667e-02 6.667e-02 6.667e-02 6.667e-02 6.667e-02 6.667e-02 6.667e-02 6.667e-02 6.667e-02
6.667e-02 6.667e-02 6.667e-02 6.667e-02 6.667e-02 6.667e-02 6.667e-02 6.667e-02 6.667e-02 6.667e-02 6.667e-02 6.667e-02 6.667e-02 6.667e-02 6.667e-02 6.667e-02 6.667e-02 6.667e-02 6.667e-02 6.667e-02
6.667e-02 6.667e-02 6.667e-02 6.667e-02 6.667e-02 6.667e-02 6.667e-02 6.667e-02 6.667e-02 6.667e-02 6.667e-02 6.667e-02 6.667e-02 6.667e-02 6.667e-02 6.667e-02 6.667e-02 6.667e-02 6.667e-02 6.667e-02
6.667e-02 6.667e-02 6.667e-02 6.667e-02 6.667e-02 6.667e-02 6.667e-02 6.667e-02 6.667e-02 6.667e-02 6.667e-02 6.667e-02 6.667e-02 6.667e-02 6.667e-02 6.667e-02 6.667e-02 6.667e-02 6.667e-02 6.667e-02
0.000e+00 0.000e+00 0.000e+00 0.000e+00 0.000e+00 0.000e+00 0.000e+00 0.000e+00 0.000e+00 0.000e+00 0.000e+00 0.000e+00 0.000e+00 0.000e+00 0.000e+00 1.000e+00 0.000e+00 0.000e+00 0.000e+00 0.000e+00
0.000e+00 0.000e+00 0.000e+00 0.000e+00 0.000e+00 0.000e+00 0.000e+00 0.000e+00 0.000e+00 0.000e+00 0.000e+00 0.000e+00 0.000e+00 0.000e+00 0.000e+00 0.000e+00 1.000e+00 0.000e+00 0.000e+00 0.000e+00
1.000e+00 0.000e+00 0.000e+00 0.000e+00 0.000e+00 0.000e+00 0.000e+00 0.000e+00 0.000e+00 0.000e+00 0.000e+00 0.000e+00 0.000e+00 0.000e+00 0.000e+00 0.000e+00 0.000e+00 0.000e+00 0.000e+00 0.000e+00
0.000e+00 0.000e+00 0.000e+00 0.000e+00 0.000e+00 0.000e+00 0.000e+00 0.000e+00 0.000e+00 0.000e+00 0.000e+00 0.000e+00 0.000e+00 0.000e+00 0.000e+00 0.000e+00 0.000e+00 0.000e+00 1.000e+00 0.000e+00
0.000e+00 0.000e+00 0.000e+00 0.000e+00 0.000e+00 0.000e+00 0.000e+00 0.000e+00 0.000e+00 0.000e+00 0.000e+00 0.000e+00 0.000e+00 0.000e+00 0.000e+00 0.000e+00 0.000e+00 0.000e+00 0.000e+00 1.000e+00

9.798e-01 0.000e+00 5.038e-03 2.519e-03 0.000e+00 0.000e+00 0.000e+00 0.000e+00 2.519e-03 2.519e-03 0.000e+00 0.000e+00 0.000e+00 0.000e+00 0.000e+00 5.038e-03 0.000e+00 2.519e-03 0.000e+00 0.000e+00
1.000e+00 0.000e+00 0.000e+00 0.000e+00 0.000e+00 0.000e+00 0.000e+00 0.000e+00 0.000e+00 0.000e+00 0.000e+00 0.000e+00 0.000e+00 0.000e+00 0.000e+00 0.000e+00 0.000e+00 0.000e+00 0.000e+00 0.000e+00
1.000e+00 0.000e+00 0.000e+00 0.000e+00 0.000e+00 0.000e+00 0.000e+00 0.000e+00 0.000e+00 0.000e+00 0.000e+00 0.000e+00 0.000e+00 0.000e+00 0.000e+00 0.000e+00 0.000e+00 0.000e+00 0.000e+00 0.000e+00
5.000e-01 0.000e+00 0.000e+00 5.000e-01 0.000e+00 0.000e+00 0.000e+00 0.000e+00 0.000e+00 0.000e+00 0.000e+00 0.000e+00 0.000e+00 0.000e+00 0.000e+00 0.000e+00 0.000e+00 0.000e+00 0.000e+00 0.000e+00
1.000e+00 0.000e+00 0.000e+00 0.000e+00 0.000e+00 0.000e+00 0.000e+00 0.000e+00 0.000e+00 0.000e+00 0.000e+00 0.000e+00 0.000e+00 0.000e+00 0.000e+00 0.000e+00 0.000e+00 0.000e+00 0.000e+00 0.000e+00
6.667e-02 6.667e-02 6.667e-02 6.667e-02 6.667e-02 6.667e-02 6.667e-02 6.667e-02 6.667e-02 6.667e-02 6.667e-02 6.667e-02 6.667e-02 6.667e-02 6.667e-02 6.667e-02 6.667e-02 6.667e-02 6.667e-02 6.667e-02
6.667e-02 6.667e-02 6.667e-02 6.667e-02 6.667e-02 6.667e-02 6.667e-02 6.667e-02 6.667e-02 6.667e-02 6.667e-02 6.667e-02 6.667e-02 6.667e-02 6.667e-02 6.667e-02 6.667e-02 6.667e-02 6.667e-02 6.667e-02
6.667e-02 6.667e-02 6.667e-02 6.667e-02 6.667e-02 6.667e-02 6.667e-02 6.667e-02 6.667e-02 6.667e-02 6.667e-02 6.667e-02 6.667e-02 6.667e-02 6.667e-02 6.667e-02 6.667e-02 6.667e-02 6.667e-02 6.667e-02
1.000e+00 0.000e+00 0.000e+00 0.000e+00 0.000e+00 0.000e+00 0.000e+00 0.000e+00 0.000e+00 0.000e+00 0.000e+00 0.000e+00 0.000e+00 0.000e+00 0.000e+00 0.000e+00 0.000e+00 0.000e+00 0.000e+00 0.000e+00
6.667e-02 6.667e-02 6.667e-02 6.667e-02 6.667e-02 6.667e-02 6.667e-02 6.667e-02 6.667e-02 6.667e-02 6.667e-02 6.667e-02 6.667e-02 6.667e-02 6.667e-02 6.667e-02 6.667e-02 6.667e-02 6.667e-02 6.667e-02
6.667e-02 6.667e-02 6.667e-02 6.667e-02 6.667e-02 6.667e-02 6.667e-02 6.667e-02 6.667e-02 6.667e-02 6.667e-02 6.667e-02 6.667e-02 6.667e-02 6.667e-02 6.667e-02 6.667e-02 6.667e-02 6.667e-02 6.667e-02
6.667e-02 6.667e-02 6.667e-02 6.667e-02 6.667e-02 6.667e-02 6.667e-02 6.667e-02 6.667e-02 6.667e-02 6.667e-02 6.667e-02 6.667e-02 6.667e-02 6.667e-02 6.667e-02 6.667e-02 6.667e-02 6.667e-02 6.667e-02
6.667e-02 6.667e-02 6.667e-02 6.667e-02 6.667e-02 6.667e-02 6.667e-02 6.667e-02 6.667e-02 6.667e-02 6.667e-02 6.667e-02 6.667e-02 6.667e-02 6.667e-02 6.667e-02 6.667e-02 6.667e-02 6.667e-02 6.667e-02
6.667e-02 6.667e-02 6.667e-02 6.667e-02 6.667e-02 6.667e-02 6.667e-02 6.667e-02 6.667e-02 6.667e-02 6.667e-02 6.667e-02 6.667e-02 6.667e-02 6.667e-02 6.667e-02 6.667e-02 6.667e-02 6.667e-02 6.667e-02
6.667e-02 6.667e-02 6.667e-02 6.667e-02 6.667e-02 6.667e-02 6.667e-02 6.667e-02 6.667e-02 6.667e-02 6.667e-02 6.667e-02 6.667e-02 6.667e-02 6.667e-02 6.667e-02 6.667e-02 6.667e-02 6.667e-02 6.667e-02
0.000e+00 0.000e+00 0.000e+00 0.000e+00 0.000e+00 0.000e+00 0.000e+00 0.000e+00 0.000e+00 0.000e+00 0.000e+00 0.000e+00 0.000e+00 0.000e+00 0.000e+00 1.000e+00 0.000e+00 0.000e+00 0.000e+00 0.000e+00
0.000e+00 0.000e+00 0.000e+00 0.000e+00 0.000e+00 0.000e+00 0.000e+00 0.000e+00 0.000e+00 0.000e+00 0.000e+00 0.000e+00 0.000e+00 0.000e+00 0.000e+00 0.000e+00 1.000e+00 0.000e+00 0.000e+00 0.000e+00
0.000e+00 0.000e+00 0.000e+00 0.000e+00 0.000e+00 0.000e+00 0.000e+00 0.000e+00 0.000e+00 0.000e+00 0.000e+00 0.000e+00 0.000e+00 0.000e+00 0.000e+00 0.000e+00 0.000e+00 1.000e+00 0.000e+00 0.000e+00
0.000e+00 0.000e+00 0.000e+00 0.000e+00 0.000e+00 0.000e+00 0.000e+00 0.000e+00 0.000e+00 0.000e+00 0.000e+00 0.000e+00 0.000e+00 0.000e+00 0.000e+00 0.000e+00 0.000e+00 0.000e+00 1.000e+00 0.000e+00
0.000e+00 0.000e+00 0.000e+00 0.000e+00 0.000e+00 0.000e+00 0.000e+00 0.000e+00 0.000e+00 0.000e+00 0.000e+00 0.000e+00 0.000e+00 0.000e+00 0.000e+00 0.000e+00 0.000e+00 0.000e+00 0.000e+00 1.000e+00

9.747e-01 5.051e-03 7.576e-03 7.576e-03 0.000e+00 0.000e+00 0.000e+00 2.525e-03 0.000e+00 2.525e-03 0.000e+00 0.000e+00 0.000e+00 0.000e+00 0.000e+00 0.000e+00 0.000e+00 0.000e+00 0.000e+00 0.000e+00
6.667e-02 6.667e-02 6.667e-02 6.667e-02 6.667e-02 6.667e-02 6.667e-02 6.667e-02 6.667e-02 6.667e-02 6.667e-02 6.667e-02 6.667e-02 6.667e-02 6.667e-02 6.667e-02 6.667e-02 6.667e-02 6.667e-02 6.667e-02
5.000e-01 0.000e+00 5.000e-01 0.000e+00 0.000e+00 0.000e+00 0.000e+00 0.000e+00 0.000e+00 0.000e+00 0.000e+00 0.000e+00 0.000e+00 0.000e+00 0.000e+00 0.000e+00 0.000e+00 0.000e+00 0.000e+00 0.000e+00
6.667e-01 0.000e+00 0.000e+00 0.000e+00 3.333e-01 0.000e+00 0.000e+00 0.000e+00 0.000e+00 0.000e+00 0.000e+00 0.000e+00 0.000e+00 0.000e+00 0.000e+00 0.000e+00 0.000e+00 0.000e+00 0.000e+00 0.000e+00
6.667e-02 6.667e-02 6.667e-02 6.667e-02 6.667e-02 6.667e-02 6.667e-02 6.667e-02 6.667e-02 6.667e-02 6.667e-02 6.667e-02 6.667e-02 6.667e-02 6.667e-02 6.667e-02 6.667e-02 6.667e-02 6.667e-02 6.667e-02
6.667e-02 6.667e-02 6.667e-02 6.667e-02 6.667e-02 6.667e-02 6.667e-02 6.667e-02 6.667e-02 6.667e-02 6.667e-02 6.667e-02 6.667e-02 6.667e-02 6.667e-02 6.667e-02 6.667e-02 6.667e-02 6.667e-02 6.667e-02
6.667e-02 6.667e-02 6.667e-02 6.667e-02 6.667e-02 6.667e-02 6.667e-02 6.667e-02 6.667e-02 6.667e-02 6.667e-02 6.667e-02 6.667e-02 6.667e-02 6.667e-02 6.667e-02 6.667e-02 6.667e-02 6.667e-02 6.667e-02
6.667e-02 6.667e-02 6.667e-02 6.667e-02 6.667e-02 6.667e-02 6.667e-02 6.667e-02 6.667e-02 6.667e-02 6.667e-02 6.667e-02 6.667e-02 6.667e-02 6.667e-02 6.667e-02 6.667e-02 6.667e-02 6.667e-02 6.667e-02
1.000e+00 0.000e+00 0.000e+00 0.000e+00 0.000e+00 0.000e+00 0.000e+00 0.000e+00 0.000e+00 0.000e+00 0.000e+00 0.000e+00 0.000e+00 0.000e+00 0.000e+00 0.000e+00 0.000e+00 0.000e+00 0.000e+00 0.000e+00
1.000e+00 0.000e+00 0.000e+00 0.000e+00 0.000e+00 0.000e+00 0.000e+00 0.000e+00 0.000e+00 0.000e+00 0.000e+00 0.000e+00 0.000e+00 0.000e+00 0.000e+00 0.000e+00 0.000e+00 0.000e+00 0.000e+00 0.000e+00
6.667e-02 6.667e-02 6.667e-02 6.667e-02 6.667e-02 6.667e-02 6.667e-02 6.667e-02 6.667e-02 6.667e-02 6.667e-02 6.667e-02 6.667e-02 6.667e-02 6.667e-02 6.667e-02 6.667e-02 6.667e-02 6.667e-02 6.667e-02
6.667e-02 6.667e-02 6.667e-02 6.667e-02 6.667e-02 6.667e-02 6.667e-02 6.667e-02 6.667e-02 6.667e-02 6.667e-02 6.667e-02 6.667e-02 6.667e-02 6.667e-02 6.667e-02 6.667e-02 6.667e-02 6.667e-02 6.667e-02
6.667e-02 6.667e-02 6.667e-02 6.667e-02 6.667e-02 6.667e-02 6.667e-02 6.667e-02 6.667e-02 6.667e-02 6.667e-02 6.667e-02 6.667e-02 6.667e-02 6.667e-02 6.667e-02 6.667e-02 6.667e-02 6.667e-02 6.667e-02
6.667e-02 6.667e-02 6.667e-02 6.667e-02 6.667e-02 6.667e-02 6.667e-02 6.667e-02 6.667e-02 6.667e-02 6.667e-02 6.667e-02 6.667e-02 6.667e-02 6.667e-02 6.667e-02 6.667e-02 6.667e-02 6.667e-02 6.667e-02
6.667e-02 6.667e-02 6.667e-02 6.667e-02 6.667e-02 6.667e-02 6.667e-02 6.667e-02 6.667e-02 6.667e-02 6.667e-02 6.667e-02 6.667e-02 6.667e-02 6.667e-02 6.667e-02 6.667e-02 6.667e-02 6.667e-02 6.667e-02
1.000e+00 0.000e+00 0.000e+00 0.000e+00 0.000e+00 0.000e+00 0.000e+00 0.000e+00 0.000e+00 0.000e+00 0.000e+00 0.000e+00 0.000e+00 0.000e+00 0.000e+00 0.000e+00 0.000e+00 0.000e+00 0.000e+00 0.000e+00
0.000e+00 0.000e+00 0.000e+00 0.000e+00 0.000e+00 0.000e+00 0.000e+00 0.000e+00 0.000e+00 0.000e+00 0.000e+00 0.000e+00 0.000e+00 0.000e+00 0.000e+00 0.000e+00 1.000e+00 0.000e+00 0.000e+00 0.000e+00
1.000e+00 0.000e+00 0.000e+00 0.000e+00 0.000e+00 0.000e+00 0.000e+00 0.000e+00 0.000e+00 0.000e+00 0.000e+00 0.000e+00 0.000e+00 0.000e+00 0.000e+00 0.000e+00 0.000e+00 0.000e+00 0.000e+00 0.000e+00
0.000e+00 0.000e+00 0.000e+00 0.000e+00 0.000e+00 0.000e+00 0.000e+00 0.000e+00 0.000e+00 0.000e+00 0.000e+00 0.000e+00 0.000e+00 0.000e+00 0.000e+00 0.000e+00 0.000e+00 0.000e+00 1.000e+00 0.000e+00
0.000e+00 0.000e+00 0.000e+00 0.000e+00 0.000e+00 0.000e+00 0.000e+00 0.000e+00 0.000e+00 0.000e+00 0.000e+00 0.000e+00 0.000e+00 0.000e+00 0.000e+00 0.000e+00 0.000e+00 0.000e+00 0.000e+00 1.000e+00

9.797e-01 0.000e+00 0.000e+00 5.076e-03 0.000e+00 0.000e+00 0.000e+00 0.000e+00 2.538e-03 2.538e-03 2.538e-03 0.000e+00 0.000e+00 0.000e+00 0.000e+00 7.614e-03 0.000e+00 0.000e+00 0.000e+00 0.000e+00
0.000e+00 5.000e-01 0.000e+00 5.000e-01 0.000e+00 0.000e+00 0.000e+00 0.000e+00 0.000e+00 0.000e+00 0.000e+00 0.000e+00 0.000e+00 0.000e+00 0.000e+00 0.000e+00 0.000e+00 0.000e+00 0.000e+00 0.000e+00
5.000e-01 0.000e+00 5.000e-01 0.000e+00 0.000e+00 0.000e+00 0.000e+00 0.000e+00 0.000e+00 0.000e+00 0.000e+00 0.000e+00 0.000e+00 0.000e+00 0.000e+00 0.000e+00 0.000e+00 0.000e+00 0.000e+00 0.000e+00
1.000e+00 0.000e+00 0.000e+00 0.000e+00 0.000e+00 0.000e+00 0.000e+00 0.000e+00 0.000e+00 0.000e+00 0.000e+00 0.000e+00 0.000e+00 0.000e+00 0.000e+00 0.000e+00 0.000e+00 0.000e+00 0.000e+00 0.000e+00
1.000e+00 0.000e+00 0.000e+00 0.000e+00 0.000e+00 0.000e+00 0.000e+00 0.000e+00 0.000e+00 0.000e+00 0.000e+00 0.000e+00 0.000e+00 0.000e+00 0.000e+00 0.000e+00 0.000e+00 0.000e+00 0.000e+00 0.000e+00
6.667e-02 6.667e-02 6.667e-02 6.667e-02 6.667e-02 6.667e-02 6.667e-02 6.667e-02 6.667e-02 6.667e-02 6.667e-02 6.667e-02 6.667e-02 6.667e-02 6.667e-02 6.667e-02 6.667e-02 6.667e-02 6.667e-02 6.667e-02
6.667e-02 6.667e-02 6.667e-02 6.667e-02 6.667e-02 6.667e-02 6.667e-02 6.667e-02 6.667e-02 6.667e-02 6.667e-02 6.667e-02 6.667e-02 6.667e-02 6.667e-02 6.667e-02 6.667e-02 6.667e-02 6.667e-02 6.667e-02
1.000e+00 0.000e+00 0.000e+00 0.000e+00 0.000e+00 0.000e+00 0.000e+00 0.000e+00 0.000e+00 0.000e+00 0.000e+00 0.000e+00 0.000e+00 0.000e+00 0.000e+00 0.000e+00 0.000e+00 0.000e+00 0.000e+00 0.000e+00
6.667e-02 6.667e-02 6.667e-02 6.667e-02 6.667e-02 6.667e-02 6.667e-02 6.667e-02 6.667e-02 6.667e-02 6.667e-02 6.667e-02 6.667e-02 6.667e-02 6.667e-02 6.667e-02 6.667e-02 6.667e-02 6.667e-02 6.667e-02
1.000e+00 0.000e+00 0.000e+00 0.000e+00 0.000e+00 0.000e+00 0.000e+00 0.000e+00 0.000e+00 0.000e+00 0.000e+00 0.000e+00 0.000e+00 0.000e+00 0.000e+00 0.000e+00 0.000e+00 0.000e+00 0.000e+00 0.000e+00
6.667e-02 6.667e-02 6.667e-02 6.667e-02 6.667e-02 6.667e-02 6.667e-02 6.667e-02 6.667e-02 6.667e-02 6.667e-02 6.667e-02 6.667e-02 6.667e-02 6.667e-02 6.667e-02 6.667e-02 6.667e-02 6.667e-02 6.667e-02
6.667e-02 6.667e-02 6.667e-02 6.667e-02 6.667e-02 6.667e-02 6.667e-02 6.667e-02 6.667e-02 6.667e-02 6.667e-02 6.667e-02 6.667e-02 6.667e-02 6.667e-02 6.667e-02 6.667e-02 6.667e-02 6.667e-02 6.667e-02
6.667e-02 6.667e-02 6.667e-02 6.667e-02 6.667e-02 6.667e-02 6.667e-02 6.667e-02 6.667e-02 6.667e-02 6.667e-02 6.667e-02 6.667e-02 6.667e-02 6.667e-02 6.667e-02 6.667e-02 6.667e-02 6.667e-02 6.667e-02
6.667e-02 6.667e-02 6.667e-02 6.667e-02 6.667e-02 6.667e-02 6.667e-02 6.667e-02 6.667e-02 6.667e-02 6.667e-02 6.667e-02 6.667e-02 6.667e-02 6.667e-02 6.667e-02 6.667e-02 6.667e-02 6.667e-02 6.667e-02
6.667e-02 6.667e-02 6.667e-02 6.667e-02 6.667e-02 6.667e-02 6.667e-02 6.667e-02 6.667e-02 6.667e-02 6.667e-02 6.667e-02 6.667e-02 6.667e-02 6.667e-02 6.667e-02 6.667e-02 6.667e-02 6.667e-02 6.667e-02
0.000e+00 0.000e+00 0.000e+00 0.000e+00 0.000e+00 0.000e+00 0.000e+00 0.000e+00 0.000e+00 0.000e+00 0.000e+00 0.000e+00 0.000e+00 0.000e+00 0.000e+00 1.000e+00 0.000e+00 0.000e+00 0.000e+00 0.000e+00
0.000e+00 0.000e+00 0.000e+00 0.000e+00 0.000e+00 0.000e+00 0.000e+00 0.000e+00 0.000e+00 0.000e+00 0.000e+00 0.000e+00 0.000e+00 0.000e+00 0.000e+00 0.000e+00 1.000e+00 0.000e+00 0.000e+00 0.000e+00
0.000e+00 0.000e+00 0.000e+00 0.000e+00 0.000e+00 0.000e+00 0.000e+00 0.000e+00 0.000e+00 0.000e+00 0.000e+00 0.000e+00 0.000e+00 0.000e+00 0.000e+00 0.000e+00 0.000e+00 1.000e+00 0.000e+00 0.000e+00
0.000e+00 0.000e+00 0.000e+00 0.000e+00 0.000e+00 0.000e+00 0.000e+00 0.000e+00 0.000e+00 0.000e+00 0.000e+00 0.000e+00 0.000e+00 0.000e+00 0.000e+00 0.000e+00 0.000e+00 0.000e+00 1.000e+00 0.000e+00
0.000e+00 0.000e+00 0.000e+00 0.000e+00 0.000e+00 0.000e+00 0.000e+00 0.000e+00 0.000e+00 0.000e+00 0.000e+00 0.000e+00 0.000e+00 0.000e+00 0.000e+00 0.000e+00 0.000e+00 0.000e+00 0.000e+00 1.000e+00

9.645e-01 2.538e-03 1.269e-02 5.076e-03 0.000e+00 0.000e+00 0.000e+00 5.076e-03 0.000e+00 0.000e+00 0.000e+00 0.000e+00 0.000e+00 2.538e-03 0.000e+00 5.076e-03 0.000e+00 2.538e-03 0.000e+00 0.000e+00
1.000e+00 0.000e+00 0.000e+00 0.000e+00 0.000e+00 0.000e+00 0.000e+00 0.000e+00 0.000e+00 0.000e+00 0.000e+00 0.000e+00 0.000e+00 0.000e+00 0.000e+00 0.000e+00 0.000e+00 0.000e+00 0.000e+00 0.000e+00
1.000e+00 0.000e+00 0.000e+00 0.000e+00 0.000e+00 0.000e+00 0.000e+00 0.000e+00 0.000e+00 0.000e+00 0.000e+00 0.000e+00 0.000e+00 0.000e+00 0.000e+00 0.000e+00 0.000e+00 0.000e+00 0.000e+00 0.000e+00
6.667e-01 0.000e+00 3.333e-01 0.000e+00 0.000e+00 0.000e+00 0.000e+00 0.000e+00 0.000e+00 0.000e+00 0.000e+00 0.000e+00 0.000e+00 0.000e+00 0.000e+00 0.000e+00 0.000e+00 0.000e+00 0.000e+00 0.000e+00
6.667e-02 6.667e-02 6.667e-02 6.667e-02 6.667e-02 6.667e-02 6.667e-02 6.667e-02 6.667e-02 6.667e-02 6.667e-02 6.667e-02 6.667e-02 6.667e-02 6.667e-02 6.667e-02 6.667e-02 6.667e-02 6.667e-02 6.667e-02
6.667e-02 6.667e-02 6.667e-02 6.667e-02 6.667e-02 6.667e-02 6.667e-02 6.667e-02 6.667e-02 6.667e-02 6.667e-02 6.667e-02 6.667e-02 6.667e-02 6.667e-02 6.667e-02 6.667e-02 6.667e-02 6.667e-02 6.667e-02
6.667e-02 6.667e-02 6.667e-02 6.667e-02 6.667e-02 6.667e-02 6.667e-02 6.667e-02 6.667e-02 6.667e-02 6.667e-02 6.667e-02 6.667e-02 6.667e-02 6.667e-02 6.667e-02 6.667e-02 6.667e-02 6.667e-02 6.667e-02
6.667e-02 6.667e-02 6.667e-02 6.667e-02 6.667e-02 6.667e-02 6.667e-02 6.667e-02 6.667e-02 6.667e-02 6.667e-02 6.667e-02 6.667e-02 6.667e-02 6.667e-02 6.667e-02 6.667e-02 6.667e-02 6.667e-02 6.667e-02
1.000e+00 0.000e+00 0.000e+00 0.000e+00 0.000e+00 0.000e+00 0.000e+00 0.000e+00 0.000e+00 0.000e+00 0.000e+00 0.000e+00 0.000e+00 0.000e+00 0.000e+00 0.000e+00 0.000e+00 0.000e+00 0.000e+00 0.000e+00
1.000e+00 0.000e+00 0.000e+00 0.000e+00 0.000e+00 0.000e+00 0.000e+00 0.000e+00 0.000e+00 0.000e+00 0.000e+00 0.000e+00 0.000e+00 0.000e+00 0.000e+00 0.000e+00 0.000e+00 0.000e+00 0.000e+00 0.000e+00
1.000e+00 0.000e+00 0.000e+00 0.000e+00 0.000e+00 0.000e+00 0.000e+00 0.000e+00 0.000e+00 0.000e+00 0.000e+00 0.000e+00 0.000e+00 0.000e+00 0.000e+00 0.000e+00 0.000e+00 0.000e+00 0.000e+00 0.000e+00
6.667e-02 6.667e-02 6.667e-02 6.667e-02 6.667e-02 6.667e-02 6.667e-02 6.667e-02 6.667e-02 6.667e-02 6.667e-02 6.667e-02 6.667e-02 6.667e-02 6.667e-02 6.667e-02 6.667e-02 6.667e-02 6.667e-02 6.667e-02
6.667e-02 6.667e-02 6.667e-02 6.667e-02 6.667e-02 6.667e-02 6.667e-02 6.667e-02 6.667e-02 6.667e-02 6.667e-02 6.667e-02 6.667e-02 6.667e-02 6.667e-02 6.667e-02 6.667e-02 6.667e-02 6.667e-02 6.667e-02
6.667e-02 6.667e-02 6.667e-02 6.667e-02 6.667e-02 6.667e-02 6.667e-02 6.667e-02 6.667e-02 6.667e-02 6.667e-02 6.667e-02 6.667e-02 6.667e-02 6.667e-02 6.667e-02 6.667e-02 6.667e-02 6.667e-02 6.667e-02
6.667e-02 6.667e-02 6.667e-02 6.667e-02 6.667e-02 6.667e-02 6.667e-02 6.667e-02 6.667e-02 6.667e-02 6.667e-02 6.667e-02 6.667e-02 6.667e-02 6.667e-02 6.667e-02 6.667e-02 6.667e-02 6.667e-02 6.667e-02
1.000e+00 0.000e+00 0.000e+00 0.000e+00 0.000e+00 0.000e+00 0.000e+00 0.000e+00 0.000e+00 0.000e+00 0.000e+00 0.000e+00 0.000e+00 0.000e+00 0.000e+00 0.000e+00 0.000e+00 0.000e+00 0.000e+00 0.000e+00
0.000e+00 0.000e+00 0.000e+00 0.000e+00 0.000e+00 0.000e+00 0.000e+00 0.000e+00 0.000e+00 0.000e+00 0.000e+00 0.000e+00 0.000e+00 0.000e+00 0.000e+00 0.000e+00 1.000e+00 0.000e+00 0.000e+00 0.000e+00
0.000e+00 0.000e+00 0.000e+00 0.000e+00 0.000e+00 0.000e+00 0.000e+00 0.000e+00 0.000e+00 0.000e+00 0.000e+00 0.000e+00 0.000e+00 0.000e+00 0.000e+00 0.000e+00 0.000e+00 1.000e+00 0.000e+00 0.000e+00
0.000e+00 0.000e+00 0.000e+00 0.000e+00 0.000e+00 0.000e+00 0.000e+00 0.000e+00 0.000e+00 0.000e+00 0.000e+00 0.000e+00 0.000e+00 0.000e+00 0.000e+00 0.000e+00 0.000e+00 0.000e+00 1.000e+00 0.000e+00
0.000e+00 0.000e+00 0.000e+00 0.000e+00 0.000e+00 0.000e+00 0.000e+00 0.000e+00 0.000e+00 0.000e+00 0.000e+00 0.000e+00 0.000e+00 0.000e+00 0.000e+00 0.000e+00 0.000e+00 0.000e+00 0.000e+00 1.000e+00

9.719e-01 2.558e-03 1.023e-02 7.673e-03 0.000e+00 0.000e+00 0.000e+00 0.000e+00 2.558e-03 0.000e+00 0.000e+00 0.000e+00 0.000e+00 2.558e-03 0.000e+00 0.000e+00 0.000e+00 2.558e-03 0.000e+00 0.000e+00
1.000e+00 0.000e+00 0.000e+00 0.000e+00 0.000e+00 0.000e+00 0.000e+00 0.000e+00 0.000e+00 0.000e+00 0.000e+00 0.000e+00 0.000e+00 0.000e+00 0.000e+00 0.000e+00 0.000e+00 0.000e+00 0.000e+00 0.000e+00
8.333e-01 0.000e+00 0.000e+00 0.000e+00 0.000e+00 0.000e+00 0.000e+00 1.667e-01 0.000e+00 0.000e+00 0.000e+00 0.000e+00 0.000e+00 0.000e+00 0.000e+00 0.000e+00 0.000e+00 0.000e+00 0.000e+00 0.000e+00
5.000e-01 0.000e+00 0.000e+00 5.000e-01 0.000e+00 0.000e+00 0.000e+00 0.000e+00 0.000e+00 0.000e+00 0.000e+00 0.000e+00 0.000e+00 0.000e+00 0.000e+00 0.000e+00 0.000e+00 0.000e+00 0.000e+00 0.000e+00
6.667e-02 6.667e-02 6.667e-02 6.667e-02 6.667e-02 6.667e-02 6.667e-02 6.667e-02 6.667e-02 6.667e-02 6.667e-02 6.667e-02 6.667e-02 6.667e-02 6.667e-02 6.667e-02 6.667e-02 6.667e-02 6.667e-02 6.667e-02
6.667e-02 6.667e-02 6.667e-02 6.667e-02 6.667e-02 6.667e-02 6.667e-02 6.667e-02 6.667e-02 6.667e-02 6.667e-02 6.667e-02 6.667e-02 6.667e-02 6.667e-02 6.667e-02 6.667e-02 6.667e-02 6.667e-02 6.667e-02
6.667e-02 6.667e-02 6.667e-02 6.667e-02 6.667e-02 6.667e-02 6.667e-02 6.667e-02 6.667e-02 6.667e-02 6.667e-02 6.667e-02 6.667e-02 6.667e-02 6.667e-02 6.667e-02 6.667e-02 6.667e-02 6.667e-02 6.667e-02
1.000e+00 0.000e+00 0.000e+00 0.000e+00 0.000e+00 0.000e+00 0.000e+00 0.000e+00 0.000e+00 0.000e+00 0.000e+00 0.000e+00 0.000e+00 0.000e+00 0.000e+00 0.000e+00 0.000e+00 0.000e+00 0.000e+00 0.000e+00
6.667e-02 6.667e-02 6.667e-02 6.667e-02 6.667e-02 6.667e-02 6.667e-02 6.667e-02 6.667e-02 6.667e-02 6.667e-02 6.667e-02 6.667e-02 6.667e-02 6.667e-02 6.667e-02 6.667e-02 6.667e-02 6.667e-02 6.667e-02
6.667e-02 6.667e-02 6.667e-02 6.667e-02 6.667e-02 6.667e-02 6.667e-02 6.667e-02 6.667e-02 6.667e-02 6.667e-02 6.667e-02 6.667e-02 6.667e-02 6.667e-02 6.667e-02 6.667e-02 6.667e-02 6.667e-02 6.667e-02
6.667e-02 6.667e-02 6.667e-02 6.667e-02 6.667e-02 6.667e-02 6.667e-02 6.667e-02 6.667e-02 6.667e-02 6.667e-02 6.667e-02 6.667e-02 6.667e-02 6.667e-02 6.667e-02 6.667e-02 6.667e-02 6.667e-02 6.667e-02
6.667e-02 6.667e-02 6.667e-02 6.667e-02 6.667e-02 6.667e-02 6.667e-02 6.667e-02 6.667e-02 6.667e-02 6.667e-02 6.667e-02 6.667e-02 6.667e-02 6.667e-02 6.667e-02 6.667e-02 6.667e-02 6.667e-02 6.667e-02
6.667e-02 6.667e-02 6.667e-02 6.667e-02 6.667e-02 6.667e-02 6.667e-02 6.667e-02 6.667e-02 6.667e-02 6.667e-02 6.667e-02 6.667e-02 6.667e-02 6.667e-02 6.667e-02 6.667e-02 6.667e-02 6.667e-02 6.667e-02
1.000e+00 0.000e+00 0.000e+00 0.000e+00 0.000e+00 0.000e+00 0.000e+00 0.000e+00 0.000e+00 0.000e+00 0.000e+00 0.000e+00 0.000e+00 0.000e+00 0.000e+00 0.000e+00 0.000e+00 0.000e+00 0.000e+00 0.000e+00
6.667e-02 6.667e-02 6.667e-02 6.667e-02 6.667e-02 6.667e-02 6.667e-02 6.667e-02 6.667e-02 6.667e-02 6.667e-02 6.667e-02 6.667e-02 6.667e-02 6.667e-02 6.667e-02 6.667e-02 6.667e-02 6.667e-02 6.667e-02
1.000e+00 0.000e+00 0.000e+00 0.000e+00 0.000e+00 0.000e+00 0.000e+00 0.000e+00 0.000e+00 0.000e+00 0.000e+00 0.000e+00 0.000e+00 0.000e+00 0.000e+00 0.000e+00 0.000e+00 0.000e+00 0.000e+00 0.000e+00
0.000e+00 0.000e+00 0.000e+00 0.000e+00 0.000e+00 0.000e+00 0.000e+00 0.000e+00 0.000e+00 0.000e+00 0.000e+00 0.000e+00 0.000e+00 0.000e+00 0.000e+00 0.000e+00 1.000e+00 0.000e+00 0.000e+00 0.000e+00
1.000e+00 0.000e+00 0.000e+00 0.000e+00 0.000e+00 0.000e+00 0.000e+00 0.000e+00 0.000e+00 0.000e+00 0.000e+00 0.000e+00 0.000e+00 0.000e+00 0.000e+00 0.000e+00 0.000e+00 0.000e+00 0.000e+00 0.000e+00
0.000e+00 0.000e+00 0.000e+00 0.000e+00 0.000e+00 0.000e+00 0.000e+00 0.000e+00 0.000e+00 0.000e+00 0.000e+00 0.000e+00 0.000e+00 0.000e+00 0.000e+00 0.000e+00 0.000e+00 0.000e+00 1.000e+00 0.000e+00
0.000e+00 0.000e+00 0.000e+00 0.000e+00 0.000e+00 0.000e+00 0.000e+00 0.000e+00 0.000e+00 0.000e+00 0.000e+00 0.000e+00 0.000e+00 0.000e+00 0.000e+00 0.000e+00 0.000e+00 0.000e+00 0.000e+00 1.000e+00

9.796e-01 2.545e-03 2.545e-03 7.634e-03 2.545e-03 0.000e+00 0.000e+00 2.545e-03 0.000e+00 0.000e+00 0.000e+00 0.000e+00 0.000e+00 0.000e+00 0.000e+00 2.545e-03 0.000e+00 0.000e+00 0.000e+00 0.000e+00
1.000e+00 0.000e+00 0.000e+00 0.000e+00 0.000e+00 0.000e+00 0.000e+00 0.000e+00 0.000e+00 0.000e+00 0.000e+00 0.000e+00 0.000e+00 0.000e+00 0.000e+00 0.000e+00 0.000e+00 0.000e+00 0.000e+00 0.000e+00
1.000e+00 0.000e+00 0.000e+00 0.000e+00 0.000e+00 0.000e+00 0.000e+00 0.000e+00 0.000e+00 0.000e+00 0.000e+00 0.000e+00 0.000e+00 0.000e+00 0.000e+00 0.000e+00 0.000e+00 0.000e+00 0.000e+00 0.000e+00
7.500e-01 0.000e+00 2.500e-01 0.000e+00 0.000e+00 0.000e+00 0.000e+00 0.000e+00 0.000e+00 0.000e+00 0.000e+00 0.000e+00 0.000e+00 0.000e+00 0.000e+00 0.000e+00 0.000e+00 0.000e+00 0.000e+00 0.000e+00
6.667e-02 6.667e-02 6.667e-02 6.667e-02 6.667e-02 6.667e-02 6.667e-02 6.667e-02 6.667e-02 6.667e-02 6.667e-02 6.667e-02 6.667e-02 6.667e-02 6.667e-02 6.667e-02 6.667e-02 6.667e-02 6.667e-02 6.667e-02
6.667e-02 6.667e-02 6.667e-02 6.667e-02 6.667e-02 6.667e-02 6.667e-02 6.667e-02 6.667e-02 6.667e-02 6.667e-02 6.667e-02 6.667e-02 6.667e-02 6.667e-02 6.667e-02 6.667e-02 6.667e-02 6.667e-02 6.667e-02
6.667e-02 6.667e-02 6.667e-02 6.667e-02 6.667e-02 6.667e-02 6.667e-02 6.667e-02 6.667e-02 6.667e-02 6.667e-02 6.667e-02 6.667e-02 6.667e-02 6.667e-02 6.667e-02 6.667e-02 6.667e-02 6.667e-02 6.667e-02
1.000e+00 0.000e+00 0.000e+00 0.000e+00 0.000e+00 0.000e+00 0.000e+00 0.000e+00 0.000e+00 0.000e+00 0.000e+00 0.000e+00 0.000e+00 0.000e+00 0.000e+00 0.000e+00 0.000e+00 0.000e+00 0.000e+00 0.000e+00
1.000e+00 0.000e+00 0.000e+00 0.000e+00 0.000e+00 0.000e+00 0.000e+00 0.000e+00 0.000e+00 0.000e+00 0.000e+00 0.000e+00 0.000e+00 0.000e+00 0.000e+00 0.000e+00 0.000e+00 0.000e+00 0.000e+00 0.000e+00
6.667e-02 6.667e-02 6.667e-02 6.667e-02 6.667e-02 6.667e-02 6.667e-02 6.667e-02 6.667e-02 6.667e-02 6.667e-02 6.667e-02 6.667e-02 6.667e-02 6.667e-02 6.667e-02 6.667e-02 6.667e-02 6.667e-02 6.667e-02
6.667e-02 6.667e-02 6.667e-02 6.667e-02 6.667e-02 6.667e-02 6.667e-02 6.667e-02 6.667e-02 6.667e-02 6.667e-02 6.667e-02 6.667e-02 6.667e-02 6.667e-02 6.667e-02 6.667e-02 6.667e-02 6.667e-02 6.667e-02
6.667e-02 6.667e-02 6.667e-02 6.667e-02 6.667e-02 6.667e-02 6.667e-02 6.667e-02 6.667e-02 6.667e-02 6.667e-02 6.667e-02 6.667e-02 6.667e-02 6.667e-02 6.667e-02 6.667e-02 6.667e-02 6.667e-02 6.667e-02
6.667e-02 6.667e-02 6.667e-02 6.667e-02 6.667e-02 6.667e-02 6.667e-02 6.667e-02 6.667e-02 6.667e-02 6.667e-02 6.667e-02 6.667e-02 6.667e-02 6.667e-02 6.667e-02 6.667e-02 6.667e-02 6.667e-02 6.667e-02
1.000e+00 0.000e+00 0.000e+00 0.000e+00 0.000e+00 0.000e+00 0.000e+00 0.000e+00 0.000e+00 0.000e+00 0.000e+00 0.000e+00 0.000e+00 0.000e+00 0.000e+00 0.000e+00 0.000e+00 0.000e+00 0.000e+00 0.000e+00
6.667e-02 6.667e-02 6.667e-02 6.667e-02 6.667e-02 6.667e-02 6.667e-02 6.667e-02 6.667e-02 6.667e-02 6.667e-02 6.667e-02 6.667e-02 6.667e-02 6.667e-02 6.667e-02 6.667e-02 6.667e-02 6.667e-02 6.667e-02
0.000e+00 0.000e+00 0.000e+00 0.000e+00 0.000e+00 0.000e+00 0.000e+00 0.000e+00 0.000e+00 0.000e+00 0.000e+00 0.000e+00 0.000e+00 0.000e+00 0.000e+00 1.000e+00 0.000e+00 0.000e+00 0.000e+00 0.000e+00
0.000e+00 0.000e+00 0.000e+00 0.000e+00 0.000e+00 0.000e+00 0.000e+00 0.000e+00 0.000e+00 0.000e+00 0.000e+00 0.000e+00 0.000e+00 0.000e+00 0.000e+00 0.000e+00 1.000e+00 0.000e+00 0.000e+00 0.000e+00
1.000e+00 0.000e+00 0.000e+00 0.000e+00 0.000e+00 0.000e+00 0.000e+00 0.000e+00 0.000e+00 0.000e+00 0.000e+00 0.000e+00 0.000e+00 0.000e+00 0.000e+00 0.000e+00 0.000e+00 0.000e+00 0.000e+00 0.000e+00
0.000e+00 0.000e+00 0.000e+00 0.000e+00 0.000e+00 0.000e+00 0.000e+00 0.000e+00 0.000e+00 0.000e+00 0.000e+00 0.000e+00 0.000e+00 0.000e+00 0.000e+00 0.000e+00 0.000e+00 0.000e+00 1.000e+00 0.000e+00
0.000e+00 0.000e+00 0.000e+00 0.000e+00 0.000e+00 0.000e+00 0.000e+00 0.000e+00 0.000e+00 0.000e+00 0.000e+00 0.000e+00 0.000e+00 0.000e+00 0.000e+00 0.000e+00 0.000e+00 0.000e+00 0.000e+00 1.000e+00

9.698e-01 0.000e+00 2.519e-03 7.557e-03 0.000e+00 0.000e+00 0.000e+00 2.519e-03 2.519e-03 0.000e+00 0.000e+00 0.000e+00 0.000e+00 2.519e-03 0.000e+00 1.259e-02 0.000e+00 0.000e+00 0.000e+00 0.000e+00
1.000e+00 0.000e+00 0.000e+00 0.000e+00 0.000e+00 0.000e+00 0.000e+00 0.000e+00 0.000e+00 0.000e+00 0.000e+00 0.000e+00 0.000e+00 0.000e+00 0.000e+00 0.000e+00 0.000e+00 0.000e+00 0.000e+00 0.000e+00
1.000e+00 0.000e+00 0.000e+00 0.000e+00 0.000e+00 0.000e+00 0.000e+00 0.000e+00 0.000e+00 0.000e+00 0.000e+00 0.000e+00 0.000e+00 0.000e+00 0.000e+00 0.000e+00 0.000e+00 0.000e+00 0.000e+00 0.000e+00
6.667e-01 0.000e+00 0.000e+00 3.333e-01 0.000e+00 0.000e+00 0.000e+00 0.000e+00 0.000e+00 0.000e+00 0.000e+00 0.000e+00 0.000e+00 0.000e+00 0.000e+00 0.000e+00 0.000e+00 0.000e+00 0.000e+00 0.000e+00
0.000e+00 0.000e+00 0.000e+00 0.000e+00 0.000e+00 0.000e+00 0.000e+00 0.000e+00 0.000e+00 0.000e+00 0.000e+00 0.000e+00 0.000e+00 0.000e+00 0.000e+00 1.000e+00 0.000e+00 0.000e+00 0.000e+00 0.000e+00
6.667e-02 6.667e-02 6.667e-02 6.667e-02 6.667e-02 6.667e-02 6.667e-02 6.667e-02 6.667e-02 6.667e-02 6.667e-02 6.667e-02 6.667e-02 6.667e-02 6.667e-02 6.667e-02 6.667e-02 6.667e-02 6.667e-02 6.667e-02
6.667e-02 6.667e-02 6.667e-02 6.667e-02 6.667e-02 6.667e-02 6.667e-02 6.667e-02 6.667e-02 6.667e-02 6.667e-02 6.667e-02 6.667e-02 6.667e-02 6.667e-02 6.667e-02 6.667e-02 6.667e-02 6.667e-02 6.667e-02
1.000e+00 0.000e+00 0.000e+00 0.000e+00 0.000e+00 0.000e+00 0.000e+00 0.000e+00 0.000e+00 0.000e+00 0.000e+00 0.000e+00 0.000e+00 0.000e+00 0.000e+00 0.000e+00 0.000e+00 0.000e+00 0.000e+00 0.000e+00
6.667e-02 6.667e-02 6.667e-02 6.667e-02 6.667e-02 6.667e-02 6.667e-02 6.667e-02 6.667e-02 6.667e-02 6.667e-02 6.667e-02 6.667e-02 6.667e-02 6.667e-02 6.667e-02 6.667e-02 6.667e-02 6.667e-02 6.667e-02
6.667e-02 6.667e-02 6.667e-02 6.667e-02 6.667e-02 6.667e-02 6.667e-02 6.667e-02 6.667e-02 6.667e-02 6.667e-02 6.667e-02 6.667e-02 6.667e-02 6.667e-02 6.667e-02 6.667e-02 6.667e-02 6.667e-02 6.667e-02
6.667e-02 6.667e-02 6.667e-02 6.667e-02 6.667e-02 6.667e-02 6.667e-02 6.667e-02 6.667e-02 6.667e-02 6.667e-02 6.667e-02 6.667e-02 6.667e-02 6.667e-02 6.667e-02 6.667e-02 6.667e-02 6.667e-02 6.667e-02
6.667e-02 6.667e-02 6.667e-02 6.667e-02 6.667e-02 6.667e-02 6.667e-02 6.667e-02 6.667e-02 6.667e-02 6.667e-02 6.667e-02 6.667e-02 6.667e-02 6.667e-02 6.667e-02 6.667e-02 6.667e-02 6.667e-02 6.667e-02
6.667e-02 6.667e-02 6.667e-02 6.667e-02 6.667e-02 6.667e-02 6.667e-02 6.667e-02 6.667e-02 6.667e-02 6.667e-02 6.667e-02 6.667e-02 6.667e-02 6.667e-02 6.667e-02 6.667e-02 6.667e-02 6.667e-02 6.667e-02
6.667e-02 6.667e-02 6.667e-02 6.667e-02 6.667e-02 6.667e-02 6.667e-02 6.667e-02 6.667e-02 6.667e-02 6.667e-02 6.667e-02 6.667e-02 6.667e-02 6.667e-02 6.667e-02 6.667e-02 6.667e-02 6.667e-02 6.667e-02
6.667e-02 6.667e-02 6.667e-02 6.667e-02 6.667e-02 6.667e-02 6.667e-02 6.667e-02 6.667e-02 6.667e-02 6.667e-02 6.667e-02 6.667e-02 6.667e-02 6.667e-02 6.667e-02 6.667e-02 6.667e-02 6.667e-02 6.667e-02
1.000e+00 0.000e+00 0.000e+00 0.000e+00 0.000e+00 0.000e+00 0.000e+00 0.000e+00 0.000e+00 0.000e+00 0.000e+00 0.000e+00 0.000e+00 0.000e+00 0.000e+00 0.000e+00 0.000e+00 0.000e+00 0.000e+00 0.000e+00
0.000e+00 0.000e+00 0.000e+00 0.000e+00 0.000e+00 0.000e+00 0.000e+00 0.000e+00 0.000e+00 0.000e+00 0.000e+00 0.000e+00 0.000e+00 0.000e+00 0.000e+00 0.000e+00 1.000e+00 0.000e+00 0.000e+00 0.000e+00
0.000e+00 0.000e+00 0.000e+00 0.000e+00 0.000e+00 0.000e+00 0.000e+00 0.000e+00 0.000e+00 0.000e+00 0.000e+00 0.000e+00 0.000e+00 0.000e+00 0.000e+00 0.000e+00 0.000e+00 1.000e+00 0.000e+00 0.000e+00
0.000e+00 0.000e+00 0.000e+00 0.000e+00 0.000e+00 0.000e+00 0.000e+00 0.000e+00 0.000e+00 0.000e+00 0.000e+00 0.000e+00 0.000e+00 0.000e+00 0.000e+00 0.000e+00 0.000e+00 0.000e+00 1.000e+00 0.000e+00
0.000e+00 0.000e+00 0.000e+00 0.000e+00 0.000e+00 0.000e+00 0.000e+00 0.000e+00 0.000e+00 0.000e+00 0.000e+00 0.000e+00 0.000e+00 0.000e+00 0.000e+00 0.000e+00 0.000e+00 0.000e+00 0.000e+00 1.000e+00

9.923e-01 0.000e+00 0.000e+00 5.102e-03 0.000e+00 0.000e+00 0.000e+00 0.000e+00 0.000e+00 0.000e+00 0.000e+00 0.000e+00 0.000e+00 0.000e+00 0.000e+00 2.551e-03 0.000e+00 0.000e+00 0.000e+00 0.000e+00
6.667e-02 6.667e-02 6.667e-02 6.667e-02 6.667e-02 6.667e-02 6.667e-02 6.667e-02 6.667e-02 6.667e-02 6.667e-02 6.667e-02 6.667e-02 6.667e-02 6.667e-02 6.667e-02 6.667e-02 6.667e-02 6.667e-02 6.667e-02
1.000e+00 0.000e+00 0.000e+00 0.000e+00 0.000e+00 0.000e+00 0.000e+00 0.000e+00 0.000e+00 0.000e+00 0.000e+00 0.000e+00 0.000e+00 0.000e+00 0.000e+00 0.000e+00 0.000e+00 0.000e+00 0.000e+00 0.000e+00
1.000e+00 0.000e+00 0.000e+00 0.000e+00 0.000e+00 0.000e+00 0.000e+00 0.000e+00 0.000e+00 0.000e+00 0.000e+00 0.000e+00 0.000e+00 0.000e+00 0.000e+00 0.000e+00 0.000e+00 0.000e+00 0.000e+00 0.000e+00
6.667e-02 6.667e-02 6.667e-02 6.667e-02 6.667e-02 6.667e-02 6.667e-02 6.667e-02 6.667e-02 6.667e-02 6.667e-02 6.667e-02 6.667e-02 6.667e-02 6.667e-02 6.667e-02 6.667e-02 6.667e-02 6.667e-02 6.667e-02
6.667e-02 6.667e-02 6.667e-02 6.667e-02 6.667e-02 6.667e-02 6.667e-02 6.667e-02 6.667e-02 6.667e-02 6.667e-02 6.667e-02 6.667e-02 6.667e-02 6.667e-02 6.667e-02 6.667e-02 6.667e-02 6.667e-02 6.667e-02
6.667e-02 6.667e-02 6.667e-02 6.667e-02 6.667e-02 6.667e-02 6.667e-02 6.667e-02 6.667e-02 6.667e-02 6.667e-02 6.667e-02 6.667e-02 6.667e-02 6.667e-02 6.667e-02 6.667e-02 6.667e-02 6.667e-02 6.667e-02
1.000e+00 0.000e+00 0.000e+00 0.000e+00 0.000e+00 0.000e+00 0.000e+00 0.000e+00 0.000e+00 0.000e+00 0.000e+00 0.000e+00 0.000e+00 0.000e+00 0.000e+00 0.000e+00 0.000e+00 0.000e+00 0.000e+00 0.000e+00
1.000e+00 0.000e+00 0.000e+00 0.000e+00 0.000e+00 0.000e+00 0.000e+00 0.000e+00 0.000e+00 0.000e+00 0.000e+00 0.000e+00 0.000e+00 0.000e+00 0.000e+00 0.000e+00 0.000e+00 0.000e+00 0.000e+00 0.000e+00
6.667e-02 6.667e-02 6.667e-02 6.667e-02 6.667e-02 6.667e-02 6.667e-02 6.667e-02 6.667e-02 6.667e-02 6.667e-02 6.667e-02 6.667e-02 6.667e-02 6.667e-02 6.667e-02 6.667e-02 6.667e-02 6.667e-02 6.667e-02
6.667e-02 6.667e-02 6.667e-02 6.667e-02 6.667e-02 6.667e-02 6.667e-02 6.667e-02 6.667e-02 6.667e-02 6.667e-02 6.667e-02 6.667e-02 6.667e-02 6.667e-02 6.667e-02 6.667e-02 6.667e-02 6.667e-02 6.667e-02
6.667e-02 6.667e-02 6.667e-02 6.667e-02 6.667e-02 6.667e-02 6.667e-02 6.667e-02 6.667e-02 6.667e-02 6.667e-02 6.667e-02 6.667e-02 6.667e-02 6.667e-02 6.667e-02 6.667e-02 6.667e-02 6.667e-02 6.667e-02
6.667e-02 6.667e-02 6.667e-02 6.667e-02 6.667e-02 6.667e-02 6.667e-02 6.667e-02 6.667e-02 6.667e-02 6.667e-02 6.667e-02 6.667e-02 6.667e-02 6.667e-02 6.667e-02 6.667e-02 6.667e-02 6.667e-02 6.667e-02
1.000e+00 0.000e+00 0.000e+00 0.000e+00 0.000e+00 0.000e+00 0.000e+00 0.000e+00 0.000e+00 0.000e+00 0.000e+00 0.000e+00 0.000e+00 0.000e+00 0.000e+00 0.000e+00 0.000e+00 0.000e+00 0.000e+00 0.000e+00
6.667e-02 6.667e-02 6.667e-02 6.667e-02 6.667e-02 6.667e-02 6.667e-02 6.667e-02 6.667e-02 6.667e-02 6.667e-02 6.667e-02 6.667e-02 6.667e-02 6.667e-02 6.667e-02 6.667e-02 6.667e-02 6.667e-02 6.667e-02
8.333e-01 0.000e+00 0.000e+00 0.000e+00 0.000e+00 0.000e+00 0.000e+00 0.000e+00 0.000e+00 0.000e+00 0.000e+00 0.000e+00 0.000e+00 0.000e+00 0.000e+00 1.667e-01 0.000e+00 0.000e+00 0.000e+00 0.000e+00
0.000e+00 0.000e+00 0.000e+00 0.000e+00 0.000e+00 0.000e+00 0.000e+00 0.000e+00 0.000e+00 0.000e+00 0.000e+00 0.000e+00 0.000e+00 0.000e+00 0.000e+00 0.000e+00 1.000e+00 0.000e+00 0.000e+00 0.000e+00
0.000e+00 0.000e+00 0.000e+00 0.000e+00 0.000e+00 0.000e+00 0.000e+00 0.000e+00 0.000e+00 0.000e+00 0.000e+00 0.000e+00 0.000e+00 0.000e+00 0.000e+00 0.000e+00 0.000e+00 1.000e+00 0.000e+00 0.000e+00
0.000e+00 0.000e+00 0.000e+00 0.000e+00 0.000e+00 0.000e+00 0.000e+00 0.000e+00 0.000e+00 0.000e+00 0.000e+00 0.000e+00 0.000e+00 0.000e+00 0.000e+00 0.000e+00 0.000e+00 0.000e+00 1.000e+00 0.000e+00
0.000e+00 0.000e+00 0.000e+00 0.000e+00 0.000e+00 0.000e+00 0.000e+00 0.000e+00 0.000e+00 0.000e+00 0.000e+00 0.000e+00 0.000e+00 0.000e+00 0.000e+00 0.000e+00 0.000e+00 0.000e+00 0.000e+00 1.000e+00

9.900e-01 0.000e+00 2.488e-03 2.488e-03 0.000e+00 0.000e+00 0.000e+00 0.000e+00 0.000e+00 0.000e+00 0.000e+00 0.000e+00 0.000e+00 2.488e-03 0.000e+00 2.488e-03 0.000e+00 0.000e+00 0.000e+00 0.000e+00
6.667e-02 6.667e-02 6.667e-02 6.667e-02 6.667e-02 6.667e-02 6.667e-02 6.667e-02 6.667e-02 6.667e-02 6.667e-02 6.667e-02 6.667e-02 6.667e-02 6.667e-02 6.667e-02 6.667e-02 6.667e-02 6.667e-02 6.667e-02
6.667e-02 6.667e-02 6.667e-02 6.667e-02 6.667e-02 6.667e-02 6.667e-02 6.667e-02 6.667e-02 6.667e-02 6.667e-02 6.667e-02 6.667e-02 6.667e-02 6.667e-02 6.667e-02 6.667e-02 6.667e-02 6.667e-02 6.667e-02
1.000e+00 0.000e+00 0.000e+00 0.000e+00 0.000e+00 0.000e+00 0.000e+00 0.000e+00 0.000e+00 0.000e+00 0.000e+00 0.000e+00 0.000e+00 0.000e+00 0.000e+00 0.000e+00 0.000e+00 0.000e+00 0.000e+00 0.000e+00
6.667e-02 6.667e-02 6.667e-02 6.667e-02 6.667e-02 6.667e-02 6.667e-02 6.667e-02 6.667e-02 6.667e-02 6.667e-02 6.667e-02 6.667e-02 6.667e-02 6.667e-02 6.667e-02 6.667e-02 6.667e-02 6.667e-02 6.667e-02
6.667e-02 6.667e-02 6.667e-02 6.667e-02 6.667e-02 6.667e-02 6.667e-02 6.667e-02 6.667e-02 6.667e-02 6.667e-02 6.667e-02 6.667e-02 6.667e-02 6.667e-02 6.667e-02 6.667e-02 6.667e-02 6.667e-02 6.667e-02
6.667e-02 6.667e-02 6.667e-02 6.667e-02 6.667e-02 6.667e-02 6.667e-02 6.667e-02 6.667e-02 6.667e-02 6.667e-02 6.667e-02 6.667e-02 6.667e-02 6.667e-02 6.667e-02 6.667e-02 6.667e-02 6.667e-02 6.667e-02
6.667e-02 6.667e-02 6.667e-02 6.667e-02 6.667e-02 6.667e-02 6.667e-02 6.667e-02 6.667e-02 6.667e-02 6.667e-02 6.667e-02 6.667e-02 6.667e-02 6.667e-02 6.667e-02 6.667e-02 6.667e-02 6.667e-02 6.667e-02
6.667e-02 6.667e-02 6.667e-02 6.667e-02 6.667e-02 6.667e-02 6.667e-02 6.667e-02 6.667e-02 6.667e-02 6.667e-02 6.667e-02 6.667e-02 6.667e-02 6.667e-02 6.667e-02 6.667e-02 6.667e-02 6.667e-02 6.667e-02
6.667e-02 6.667e-02 6.667e-02 6.667e-02 6.667e-02 6.667e-02 6.667e-02 6.667e-02 6.667e-02 6.667e-02 6.667e-02 6.667e-02 6.667e-02 6.667e-02 6.667e-02 6.667e-02 6.667e-02 6.667e-02 6.667e-02 6.667e-02
6.667e-02 6.667e-02 6.667e-02 6.667e-02 6.667e-02 6.667e-02 6.667e-02 6.667e-02 6.667e-02 6.667e-02 6.667e-02 6.667e-02 6.667e-02 6.667e-02 6.667e-02 6.667e-02 6.667e-02 6.667e-02 6.667e-02 6.667e-02
6.667e-02 6.667e-02 6.667e-02 6.667e-02 6.667e-02 6.667e-02 6.667e-02 6.667e-02 6.667e-02 6.667e-02 6.667e-02 6.667e-02 6.667e-02 6.667e-02 6.667e-02 6.667e-02 6.667e-02 6.667e-02 6.667e-02 6.667e-02
6.667e-02 6.667e-02 6.667e-02 6.667e-02 6.667e-02 6.667e-02 6.667e-02 6.667e-02 6.667e-02 6.667e-02 6.667e-02 6.667e-02 6.667e-02 6.667e-02 6.667e-02 6.667e-02 6.667e-02 6.667e-02 6.667e-02 6.667e-02
6.667e-02 6.667e-02 6.667e-02 6.667e-02 6.667e-02 6.667e-02 6.667e-02 6.667e-02 6.667e-02 6.667e-02 6.667e-02 6.667e-02 6.667e-02 6.667e-02 6.667e-02 6.667e-02 6.667e-02 6.667e-02 6.667e-02 6.667e-02
6.667e-02 6.667e-02 6.667e-02 6.667e-02 6.667e-02 6.667e-02 6.667e-02 6.667e-02 6.667e-02 6.667e-02 6.667e-02 6.667e-02 6.667e-02 6.667e-02 6.667e-02 6.667e-02 6.667e-02 6.667e-02 6.667e-02 6.667e-02
5.000e-01 0.000e+00 0.000e+00 0.000e+00 0.000e+00 0.000e+00 0.000e+00 0.000e+00 0.000e+00 0.000e+00 0.000e+00 0.000e+00 0.000e+00 0.000e+00 0.000e+00 5.000e-01 0.000e+00 0.000e+00 0.000e+00 0.000e+00
0.000e+00 0.000e+00 0.000e+00 0.000e+00 0.000e+00 0.000e+00 0.000e+00 0.000e+00 0.000e+00 0.000e+00 0.000e+00 0.000e+00 0.000e+00 0.000e+00 0.000e+00 0.000e+00 1.000e+00 0.000e+00 0.000e+00 0.000e+00
0.000e+00 0.000e+00 0.000e+00 0.000e+00 0.000e+00 0.000e+00 0.000e+00 0.000e+00 0.000e+00 0.000e+00 0.000e+00 0.000e+00 0.000e+00 0.000e+00 0.000e+00 0.000e+00 0.000e+00 1.000e+00 0.000e+00 0.000e+00
0.000e+00 0.000e+00 0.000e+00 0.000e+00 0.000e+00 0.000e+00 0.000e+00 0.000e+00 0.000e+00 0.000e+00 0.000e+00 0.000e+00 0.000e+00 0.000e+00 0.000e+00 0.000e+00 0.000e+00 0.000e+00 1.000e+00 0.000e+00
0.000e+00 0.000e+00 0.000e+00 0.000e+00 0.000e+00 0.000e+00 0.000e+00 0.000e+00 0.000e+00 0.000e+00 0.000e+00 0.000e+00 0.000e+00 0.000e+00 0.000e+00 0.000e+00 0.000e+00 0.000e+00 0.000e+00 1.000e+00

9.875e-01 0.000e+00 0.000e+00 0.000e+00 0.000e+00 0.000e+00 0.000e+00 0.000e+00 4.988e-03 2.494e-03 0.000e+00 0.000e+00 0.000e+00 2.494e-03 0.000e+00 2.494e-03 0.000e+00 0.000e+00 0.000e+00 0.000e+00
6.667e-02 6.667e-02 6.667e-02 6.667e-02 6.667e-02 6.667e-02 6.667e-02 6.667e-02 6.667e-02 6.667e-02 6.667e-02 6.667e-02 6.667e-02 6.667e-02 6.667e-02 6.667e-02 6.667e-02 6.667e-02 6.667e-02 6.667e-02
1.000e+00 0.000e+00 0.000e+00 0.000e+00 0.000e+00 0.000e+00 0.000e+00 0.000e+00 0.000e+00 0.000e+00 0.000e+00 0.000e+00 0.000e+00 0.000e+00 0.000e+00 0.000e+00 0.000e+00 0.000e+00 0.000e+00 0.000e+00
0.000e+00 0.000e+00 0.000e+00 0.000e+00 0.000e+00 0.000e+00 0.000e+00 0.000e+00 1.000e+00 0.000e+00 0.000e+00 0.000e+00 0.000e+00 0.000e+00 0.000e+00 0.000e+00 0.000e+00 0.000e+00 0.000e+00 0.000e+00
6.667e-02 6.667e-02 6.667e-02 6.667e-02 6.667e-02 6.667e-02 6.667e-02 6.667e-02 6.667e-02 6.667e-02 6.667e-02 6.667e-02 6.667e-02 6.667e-02 6.667e-02 6.667e-02 6.667e-02 6.667e-02 6.667e-02 6.667e-02
6.667e-02 6.667e-02 6.667e-02 6.667e-02 6.667e-02 6.667e-02 6.667e-02 6.667e-02 6.667e-02 6.667e-02 6.667e-02 6.667e-02 6.667e-02 6.667e-02 6.667e-02 6.667e-02 6.667e-02 6.667e-02 6.667e-02 6.667e-02
6.667e-02 6.667e-02 6.667e-02 6.667e-02 6.667e-02 6.667e-02 6.667e-02 6.667e-02 6.667e-02 6.667e-02 6.667e-02 6.667e-02 6.667e-02 6.667e-02 6.667e-02 6.667e-02 6.667e-02 6.667e-02 6.667e-02 6.667e-02
6.667e-02 6.667e-02 6.667e-02 6.667e-02 6.667e-02 6.667e-02 6.667e-02 6.667e-02 6.667e-02 6.667e-02 6.667e-02 6.667e-02 6.667e-02 6.667e-02 6.667e-02 6.667e-02 6.667e-02 6.667e-02 6.667e-02 6.667e-02
6.667e-02 6.667e-02 6.667e-02 6.667e-02 6.667e-02 6.667e-02 6.667e-02 6.667e-02 6.667e-02 6.667e-02 6.667e-02 6.667e-02 6.667e-02 6.667e-02 6.667e-02 6.667e-02 6.667e-02 6.667e-02 6.667e-02 6.667e-02
6.667e-02 6.667e-02 6.667e-02 6.667e-02 6.667e-02 6.667e-02 6.667e-02 6.667e-02 6.667e-02 6.667e-02 6.667e-02 6.667e-02 6.667e-02 6.667e-02 6.667e-02 6.667e-02 6.667e-02 6.667e-02 6.667e-02 6.667e-02
6.667e-02 6.667e-02 6.667e-02 6.667e-02 6.667e-02 6.667e-02 6.667e-02 6.667e-02 6.667e-02 6.667e-02 6.667e-02 6.667e-02 6.667e-02 6.667e-02 6.667e-02 6.667e-02 6.667e-02 6.667e-02 6.667e-02 6.667e-02
6.667e-02 6.667e-02 6.667e-02 6.667e-02 6.667e-02 6.667e-02 6.667e-02 6.667e-02 6.667e-02 6.667e-02 6.667e-02 6.667e-02 6.667e-02 6.667e-02 6.667e-02 6.667e-02 6.667e-02 6.667e-02 6.667e-02 6.667e-02
6.667e-02 6.667e-02 6.667e-02 6.667e-02 6.667e-02 6.667e-02 6.667e-02 6.667e-02 6.667e-02 6.667e-02 6.667e-02 6.667e-02 6.667e-02 6.667e-02 6.667e-02 6.667e-02 6.667e-02 6.667e-02 6.667e-02 6.667e-02
0.000e+00 0.000e+00 0.000e+00 1.000e+00 0.000e+00 0.000e+00 0.000e+00 0.000e+00 0.000e+00 0.000e+00 0.000e+00 0.000e+00 0.000e+00 0.000e+00 0.000e+00 0.000e+00 0.000e+00 0.000e+00 0.000e+00 0.000e+00
6.667e-02 6.667e-02 6.667e-02 6.667e-02 6.667e-02 6.667e-02 6.667e-02 6.667e-02 6.667e-02 6.667e-02 6.667e-02 6.667e-02 6.667e-02 6.667e-02 6.667e-02 6.667e-02 6.667e-02 6.667e-02 6.667e-02 6.667e-02
1.000e+00 0.000e+00 0.000e+00 0.000e+00 0.000e+00 0.000e+00 0.000e+00 0.000e+00 0.000e+00 0.000e+00 0.000e+00 0.000e+00 0.000e+00 0.000e+00 0.000e+00 0.000e+00 0.000e+00 0.000e+00 0.000e+00 0.000e+00
0.000e+00 0.000e+00 0.000e+00 0.000e+00 0.000e+00 0.000e+00 0.000e+00 0.000e+00 0.000e+00 0.000e+00 0.000e+00 0.000e+00 0.000e+00 0.000e+00 0.000e+00 0.000e+00 1.000e+00 0.000e+00 0.000e+00 0.000e+00
0.000e+00 0.000e+00 0.000e+00 0.000e+00 0.000e+00 0.000e+00 0.000e+00 0.000e+00 0.000e+00 0.000e+00 0.000e+00 0.000e+00 0.000e+00 0.000e+00 0.000e+00 0.000e+00 0.000e+00 1.000e+00 0.000e+00 0.000e+00
0.000e+00 0.000e+00 0.000e+00 0.000e+00 0.000e+00 0.000e+00 0.000e+00 0.000e+00 0.000e+00 0.000e+00 0.000e+00 0.000e+00 0.000e+00 0.000e+00 0.000e+00 0.000e+00 0.000e+00 0.000e+00 1.000e+00 0.000e+00
0.000e+00 0.000e+00 0.000e+00 0.000e+00 0.000e+00 0.000e+00 0.000e+00 0.000e+00 0.000e+00 0.000e+00 0.000e+00 0.000e+00 0.000e+00 0.000e+00 0.000e+00 0.000e+00 0.000e+00 0.000e+00 0.000e+00 1.000e+00

